       1.,       1.,       3.,       1.
       2.,       3.,       4.,       1.
       3.,       4.,       5.,       1.
       4.,       5.,       6.,       1.
       5.,       6.,       7.,       1.
       6.,       7.,       8.,       1.
       7.,       8.,       9.,       1.
       8.,       9.,      10.,       1.
       9.,      10.,       2.,       1.
      10.,      11.,      13.,       2.
      11.,      13.,      14.,       2.
      12.,      14.,      15.,       2.
      13.,      15.,      16.,       2.
      14.,      16.,      17.,       2.
      15.,      17.,      18.,       2.
      16.,      18.,      19.,       2.
      17.,      19.,      20.,       2.
      18.,      20.,      12.,       2.
      19.,      21.,      23.,       3.
      20.,      23.,      24.,       3.
      21.,      24.,      25.,       3.
      22.,      25.,      26.,       3.
      23.,      26.,      27.,       3.
      24.,      27.,      28.,       3.
      25.,      28.,      29.,       3.
      26.,      29.,      30.,       3.
      27.,      30.,      22.,       3.
      28.,      31.,      33.,       4.
      29.,      33.,      34.,       4.
      30.,      34.,      35.,       4.
      31.,      35.,      36.,       4.
      32.,      36.,      37.,       4.
      33.,      37.,      38.,       4.
      34.,      38.,      39.,       4.
      35.,      39.,      40.,       4.
      36.,      40.,      32.,       4.
      37.,      41.,      43.,       5.
      38.,      43.,      44.,       5.
      39.,      44.,      45.,       5.
      40.,      45.,      46.,       5.
      41.,      46.,      47.,       5.
      42.,      47.,      48.,       5.
      43.,      48.,      42.,       5.
      44.,      49.,      51.,       6.
      45.,      51.,      52.,       6.
      46.,      52.,      53.,       6.
      47.,      53.,      54.,       6.
      48.,      54.,      55.,       6.
      49.,      55.,      56.,       6.
      50.,      56.,      50.,       6.
      51.,      57.,      59.,       7.
      52.,      59.,      60.,       7.
      53.,      60.,      61.,       7.
      54.,      61.,      62.,       7.
      55.,      62.,      63.,       7.
      56.,      63.,      64.,       7.
      57.,      64.,      58.,       7.
      58.,      65.,      67.,       8.
      59.,      67.,      68.,       8.
      60.,      68.,      69.,       8.
      61.,      69.,      70.,       8.
      62.,      70.,      71.,       8.
      63.,      71.,      72.,       8.
      64.,      72.,      66.,       8.
      65.,       1.,      74.,       9.
      66.,      74.,      75.,       9.
      67.,      75.,      76.,       9.
      68.,      76.,      77.,       9.
      69.,      77.,      73.,       9.
      70.,      42.,      79.,      10.
      71.,      79.,      80.,      10.
      72.,      80.,      81.,      10.
      73.,      81.,      82.,      10.
      74.,      82.,      78.,      10.
      75.,      11.,      84.,      11.
      76.,      84.,      85.,      11.
      77.,      85.,      86.,      11.
      78.,      86.,      87.,      11.
      79.,      87.,      83.,      11.
      80.,      50.,      89.,      12.
      81.,      89.,      90.,      12.
      82.,      90.,      91.,      12.
      83.,      91.,      92.,      12.
      84.,      92.,      88.,      12.
      85.,      21.,      94.,      13.
      86.,      94.,      95.,      13.
      87.,      95.,      96.,      13.
      88.,      96.,      97.,      13.
      89.,      97.,      93.,      13.
      90.,      58.,      99.,      14.
      91.,      99.,     100.,      14.
      92.,     100.,     101.,      14.
      93.,     101.,     102.,      14.
      94.,     102.,      98.,      14.
      95.,      31.,     104.,      15.
      96.,     104.,     105.,      15.
      97.,     105.,     106.,      15.
      98.,     106.,     107.,      15.
      99.,     107.,     103.,      15.
     100.,      66.,     109.,      16.
     101.,     109.,     110.,      16.
     102.,     110.,     111.,      16.
     103.,     111.,     112.,      16.
     104.,     112.,     108.,      16.
     105.,      41.,     113.,      17.
     106.,     113.,     114.,      17.
     107.,     114.,     115.,      17.
     108.,     115.,     108.,      17.
     109.,     108.,     116.,      18.
     110.,     116.,       2.,      18.
     111.,       2.,     117.,      19.
     112.,     117.,      73.,      19.
     113.,      73.,     118.,      20.
     114.,     118.,     119.,      20.
     115.,     119.,     120.,      20.
     116.,     120.,      41.,      20.
     117.,      49.,     121.,      21.
     118.,     121.,     122.,      21.
     119.,     122.,     123.,      21.
     120.,     123.,      78.,      21.
     121.,      78.,     124.,      22.
     122.,     124.,      12.,      22.
     123.,      12.,     125.,      23.
     124.,     125.,      83.,      23.
     125.,      83.,     126.,      24.
     126.,     126.,     127.,      24.
     127.,     127.,     128.,      24.
     128.,     128.,      49.,      24.
     129.,      57.,     129.,      25.
     130.,     129.,     130.,      25.
     131.,     130.,     131.,      25.
     132.,     131.,      88.,      25.
     133.,      88.,     132.,      26.
     134.,     132.,      22.,      26.
     135.,      22.,     133.,      27.
     136.,     133.,      93.,      27.
     137.,      93.,     134.,      28.
     138.,     134.,     135.,      28.
     139.,     135.,     136.,      28.
     140.,     136.,      57.,      28.
     141.,      65.,     137.,      29.
     142.,     137.,     138.,      29.
     143.,     138.,     139.,      29.
     144.,     139.,      98.,      29.
     145.,      98.,     140.,      30.
     146.,     140.,      32.,      30.
     147.,      32.,     141.,      31.
     148.,     141.,     103.,      31.
     149.,     103.,     142.,      32.
     150.,     142.,     143.,      32.
     151.,     143.,     144.,      32.
     152.,     144.,      65.,      32.
     153.,      66.,     146.,      33.
     154.,     146.,     147.,      33.
     155.,     147.,     145.,      33.
     156.,      42.,     149.,      34.
     157.,     149.,     150.,      34.
     158.,     150.,     148.,      34.
     159.,      50.,     152.,      35.
     160.,     152.,     153.,      35.
     161.,     153.,     151.,      35.
     162.,      58.,     155.,      36.
     163.,     155.,     156.,      36.
     164.,     156.,     154.,      36.
     165.,     151.,     157.,      37.
     166.,     157.,     158.,      37.
     167.,     158.,     159.,      37.
     168.,     159.,     154.,      37.
     169.,     154.,     160.,      38.
     170.,     160.,     161.,      38.
     171.,     161.,     162.,      38.
     172.,     162.,     145.,      38.
     173.,     145.,     163.,      39.
     174.,     163.,     164.,      39.
     175.,     164.,     165.,      39.
     176.,     165.,     148.,      39.
     177.,     148.,     166.,      40.
     178.,     166.,     167.,      40.
     179.,     167.,     168.,      40.
     180.,     168.,     151.,      40.
     181.,     145.,     169.,      41.
     182.,     169.,     170.,      41.
     183.,     170.,      41.,      41.
     184.,     148.,     171.,      42.
     185.,     171.,     172.,      42.
     186.,     172.,      49.,      42.
     187.,     151.,     173.,      43.
     188.,     173.,     174.,      43.
     189.,     174.,      57.,      43.
     190.,     154.,     175.,      44.
     191.,     175.,     176.,      44.
     192.,     176.,      65.,      44.
     193.,     145.,     177.,      45.
     194.,     177.,     178.,      45.
     195.,     178.,     179.,      45.
     196.,     179.,     180.,      45.
     197.,     180.,     108.,      45.
     198.,     145.,     181.,      46.
     199.,     181.,     182.,      46.
     200.,     182.,     183.,      46.
     201.,     183.,     184.,      46.
     202.,     184.,      73.,      46.
     203.,     108.,     185.,      47.
     204.,     185.,     186.,      47.
     205.,     186.,      73.,      47.
     206.,      78.,     187.,      48.
     207.,     187.,     188.,      48.
     208.,     188.,      83.,      48.
     209.,      83.,     189.,      49.
     210.,     189.,     190.,      49.
     211.,     190.,     191.,      49.
     212.,     191.,     192.,      49.
     213.,     192.,     148.,      49.
     214.,     148.,     193.,      50.
     215.,     193.,     194.,      50.
     216.,     194.,     195.,      50.
     217.,     195.,     196.,      50.
     218.,     196.,      78.,      50.
     219.,      88.,     197.,      51.
     220.,     197.,     198.,      51.
     221.,     198.,      93.,      51.
     222.,      93.,     199.,      52.
     223.,     199.,     200.,      52.
     224.,     200.,     201.,      52.
     225.,     201.,     202.,      52.
     226.,     202.,     151.,      52.
     227.,     151.,     203.,      53.
     228.,     203.,     204.,      53.
     229.,     204.,     205.,      53.
     230.,     205.,     206.,      53.
     231.,     206.,      88.,      53.
     232.,      98.,     207.,      54.
     233.,     207.,     208.,      54.
     234.,     208.,     103.,      54.
     235.,     103.,     209.,      55.
     236.,     209.,     210.,      55.
     237.,     210.,     211.,      55.
     238.,     211.,     212.,      55.
     239.,     212.,     154.,      55.
     240.,     154.,     213.,      56.
     241.,     213.,     214.,      56.
     242.,     214.,     215.,      56.
     243.,     215.,     216.,      56.
     244.,     216.,      98.,      56.
     245.,      41.,     218.,      57.
     246.,     218.,     219.,      57.
     247.,     219.,     220.,      57.
     248.,     220.,     221.,      57.
     249.,     221.,     222.,      57.
     250.,     222.,     223.,      57.
     251.,     223.,     224.,      57.
     252.,     224.,     217.,      57.
     253.,      49.,     226.,      58.
     254.,     226.,     227.,      58.
     255.,     227.,     228.,      58.
     256.,     228.,     229.,      58.
     257.,     229.,     230.,      58.
     258.,     230.,     231.,      58.
     259.,     231.,     232.,      58.
     260.,     232.,     225.,      58.
     261.,      57.,     234.,      59.
     262.,     234.,     235.,      59.
     263.,     235.,     236.,      59.
     264.,     236.,     237.,      59.
     265.,     237.,     238.,      59.
     266.,     238.,     239.,      59.
     267.,     239.,     240.,      59.
     268.,     240.,     233.,      59.
     269.,      65.,     242.,      60.
     270.,     242.,     243.,      60.
     271.,     243.,     244.,      60.
     272.,     244.,     245.,      60.
     273.,     245.,     246.,      60.
     274.,     246.,     247.,      60.
     275.,     247.,     248.,      60.
     276.,     248.,     241.,      60.
     277.,     249.,     251.,      61.
     278.,     251.,     252.,      61.
     279.,     252.,     253.,      61.
     280.,     253.,     254.,      61.
     281.,     254.,     250.,      61.
     282.,     255.,     257.,      62.
     283.,     257.,     258.,      62.
     284.,     258.,     259.,      62.
     285.,     259.,     260.,      62.
     286.,     260.,     256.,      62.
     287.,     261.,     263.,      63.
     288.,     263.,     264.,      63.
     289.,     264.,     265.,      63.
     290.,     265.,     266.,      63.
     291.,     266.,     262.,      63.
     292.,     267.,     269.,      64.
     293.,     269.,     270.,      64.
     294.,     270.,     271.,      64.
     295.,     271.,     272.,      64.
     296.,     272.,     268.,      64.
     297.,      65.,     274.,      65.
     298.,     274.,     275.,      65.
     299.,     275.,     276.,      65.
     300.,     276.,     273.,      65.
     301.,     268.,     278.,      66.
     302.,     278.,     279.,      66.
     303.,     279.,     280.,      66.
     304.,     280.,     277.,      66.
     305.,      41.,     282.,      67.
     306.,     282.,     283.,      67.
     307.,     283.,     284.,      67.
     308.,     284.,     281.,      67.
     309.,     250.,     286.,      68.
     310.,     286.,     287.,      68.
     311.,     287.,     288.,      68.
     312.,     288.,     285.,      68.
     313.,      49.,     290.,      69.
     314.,     290.,     291.,      69.
     315.,     291.,     292.,      69.
     316.,     292.,     289.,      69.
     317.,     256.,     294.,      70.
     318.,     294.,     295.,      70.
     319.,     295.,     296.,      70.
     320.,     296.,     293.,      70.
     321.,      57.,     298.,      71.
     322.,     298.,     299.,      71.
     323.,     299.,     300.,      71.
     324.,     300.,     297.,      71.
     325.,     262.,     302.,      72.
     326.,     302.,     303.,      72.
     327.,     303.,     304.,      72.
     328.,     304.,     301.,      72.
     329.,     249.,     305.,      73.
     330.,     305.,     306.,      73.
     331.,     306.,     307.,      73.
     332.,     307.,     277.,      73.
     333.,     277.,     308.,      74.
     334.,     308.,     217.,      74.
     335.,     217.,     309.,      75.
     336.,     309.,     281.,      75.
     337.,     281.,     310.,      76.
     338.,     310.,     311.,      76.
     339.,     311.,     312.,      76.
     340.,     312.,     249.,      76.
     341.,     255.,     313.,      77.
     342.,     313.,     314.,      77.
     343.,     314.,     315.,      77.
     344.,     315.,     285.,      77.
     345.,     285.,     316.,      78.
     346.,     316.,     225.,      78.
     347.,     225.,     317.,      79.
     348.,     317.,     289.,      79.
     349.,     289.,     318.,      80.
     350.,     318.,     319.,      80.
     351.,     319.,     320.,      80.
     352.,     320.,     255.,      80.
     353.,     261.,     321.,      81.
     354.,     321.,     322.,      81.
     355.,     322.,     323.,      81.
     356.,     323.,     293.,      81.
     357.,     293.,     324.,      82.
     358.,     324.,     325.,      82.
     359.,     325.,     297.,      82.
     360.,     297.,     326.,      83.
     361.,     326.,     327.,      83.
     362.,     327.,     328.,      83.
     363.,     328.,     261.,      83.
     364.,     267.,     329.,      84.
     365.,     329.,     330.,      84.
     366.,     330.,     331.,      84.
     367.,     331.,     301.,      84.
     368.,     301.,     332.,      85.
     369.,     332.,     333.,      85.
     370.,     333.,     273.,      85.
     371.,     273.,     334.,      86.
     372.,     334.,     335.,      86.
     373.,     335.,     336.,      86.
     374.,     336.,     267.,      86.
     375.,     268.,     338.,      87.
     376.,     338.,     339.,      87.
     377.,     339.,     337.,      87.
     378.,     250.,     341.,      88.
     379.,     341.,     342.,      88.
     380.,     342.,     340.,      88.
     381.,     256.,     344.,      89.
     382.,     344.,     345.,      89.
     383.,     345.,     343.,      89.
     384.,     262.,     347.,      90.
     385.,     347.,     348.,      90.
     386.,     348.,     346.,      90.
     387.,     267.,     349.,      91.
     388.,     349.,     350.,      91.
     389.,     350.,     346.,      91.
     390.,     249.,     351.,      92.
     391.,     351.,     352.,      92.
     392.,     352.,     337.,      92.
     393.,     337.,     353.,      93.
     394.,     353.,     354.,      93.
     395.,     354.,     346.,      93.
     396.,     346.,     355.,      94.
     397.,     355.,     356.,      94.
     398.,     356.,     343.,      94.
     399.,     343.,     357.,      95.
     400.,     357.,     358.,      95.
     401.,     358.,     340.,      95.
     402.,     340.,     359.,      96.
     403.,     359.,     360.,      96.
     404.,     360.,     337.,      96.
     405.,     277.,     361.,      97.
     406.,     361.,     362.,      97.
     407.,     362.,     281.,      97.
     408.,     285.,     363.,      98.
     409.,     363.,     364.,      98.
     410.,     364.,     289.,      98.
     411.,     301.,     365.,      99.
     412.,     365.,     366.,      99.
     413.,     366.,     367.,      99.
     414.,     367.,     346.,      99.
     415.,     346.,     368.,     100.
     416.,     368.,     369.,     100.
     417.,     369.,     370.,     100.
     418.,     370.,     273.,     100.
     419.,     277.,     371.,     101.
     420.,     371.,     372.,     101.
     421.,     372.,     373.,     101.
     422.,     373.,     337.,     101.
     423.,     337.,     374.,     102.
     424.,     374.,     375.,     102.
     425.,     375.,     376.,     102.
     426.,     376.,     281.,     102.
     427.,     285.,     377.,     103.
     428.,     377.,     378.,     103.
     429.,     378.,     379.,     103.
     430.,     379.,     340.,     103.
     431.,     340.,     380.,     104.
     432.,     380.,     381.,     104.
     433.,     381.,     382.,     104.
     434.,     382.,     289.,     104.
     435.,     293.,     383.,     105.
     436.,     383.,     384.,     105.
     437.,     384.,     385.,     105.
     438.,     385.,     343.,     105.
     439.,     343.,     386.,     106.
     440.,     386.,     387.,     106.
     441.,     387.,     388.,     106.
     442.,     388.,     297.,     106.
     443.,     293.,     389.,     107.
     444.,     389.,     233.,     107.
     445.,     233.,     390.,     108.
     446.,     390.,     297.,     108.
     447.,     301.,     391.,     109.
     448.,     391.,     241.,     109.
     449.,     241.,     392.,     110.
     450.,     392.,     273.,     110.
     451.,     249.,     394.,     111.
     452.,     394.,     395.,     111.
     453.,     395.,     396.,     111.
     454.,     396.,     397.,     111.
     455.,     397.,     398.,     111.
     456.,     398.,     399.,     111.
     457.,     399.,     400.,     111.
     458.,     400.,     393.,     111.
     459.,     255.,     402.,     112.
     460.,     402.,     403.,     112.
     461.,     403.,     404.,     112.
     462.,     404.,     405.,     112.
     463.,     405.,     406.,     112.
     464.,     406.,     407.,     112.
     465.,     407.,     408.,     112.
     466.,     408.,     401.,     112.
     467.,     261.,     410.,     113.
     468.,     410.,     411.,     113.
     469.,     411.,     412.,     113.
     470.,     412.,     413.,     113.
     471.,     413.,     414.,     113.
     472.,     414.,     415.,     113.
     473.,     415.,     416.,     113.
     474.,     416.,     409.,     113.
     475.,     267.,     418.,     114.
     476.,     418.,     419.,     114.
     477.,     419.,     420.,     114.
     478.,     420.,     421.,     114.
     479.,     421.,     422.,     114.
     480.,     422.,     423.,     114.
     481.,     423.,     424.,     114.
     482.,     424.,     417.,     114.
     483.,     425.,     427.,     115.
     484.,     427.,     428.,     115.
     485.,     428.,     429.,     115.
     486.,     429.,     426.,     115.
     487.,     430.,     432.,     116.
     488.,     432.,     433.,     116.
     489.,     433.,     434.,     116.
     490.,     434.,     431.,     116.
     491.,     435.,     437.,     117.
     492.,     437.,     438.,     117.
     493.,     438.,     439.,     117.
     494.,     439.,     436.,     117.
     495.,     440.,     442.,     118.
     496.,     442.,     443.,     118.
     497.,     443.,     444.,     118.
     498.,     444.,     441.,     118.
     499.,     268.,     445.,     119.
     500.,     445.,     446.,     119.
     501.,     446.,     447.,     119.
     502.,     447.,     417.,     119.
     503.,     417.,     448.,     120.
     504.,     448.,     449.,     120.
     505.,     449.,     450.,     120.
     506.,     450.,     441.,     120.
     507.,     441.,     451.,     121.
     508.,     451.,     452.,     121.
     509.,     452.,     453.,     121.
     510.,     453.,     393.,     121.
     511.,     393.,     454.,     122.
     512.,     454.,     455.,     122.
     513.,     455.,     456.,     122.
     514.,     456.,     268.,     122.
     515.,     250.,     457.,     123.
     516.,     457.,     458.,     123.
     517.,     458.,     459.,     123.
     518.,     459.,     393.,     123.
     519.,     393.,     460.,     124.
     520.,     460.,     461.,     124.
     521.,     461.,     462.,     124.
     522.,     462.,     426.,     124.
     523.,     426.,     463.,     125.
     524.,     463.,     464.,     125.
     525.,     464.,     465.,     125.
     526.,     465.,     401.,     125.
     527.,     401.,     466.,     126.
     528.,     466.,     467.,     126.
     529.,     467.,     468.,     126.
     530.,     468.,     250.,     126.
     531.,     256.,     469.,     127.
     532.,     469.,     470.,     127.
     533.,     470.,     471.,     127.
     534.,     471.,     401.,     127.
     535.,     401.,     472.,     128.
     536.,     472.,     473.,     128.
     537.,     473.,     474.,     128.
     538.,     474.,     431.,     128.
     539.,     431.,     475.,     129.
     540.,     475.,     476.,     129.
     541.,     476.,     477.,     129.
     542.,     477.,     409.,     129.
     543.,     409.,     478.,     130.
     544.,     478.,     479.,     130.
     545.,     479.,     480.,     130.
     546.,     480.,     256.,     130.
     547.,     262.,     481.,     131.
     548.,     481.,     482.,     131.
     549.,     482.,     483.,     131.
     550.,     483.,     409.,     131.
     551.,     409.,     484.,     132.
     552.,     484.,     485.,     132.
     553.,     485.,     486.,     132.
     554.,     486.,     436.,     132.
     555.,     436.,     487.,     133.
     556.,     487.,     488.,     133.
     557.,     488.,     489.,     133.
     558.,     489.,     417.,     133.
     559.,     417.,     490.,     134.
     560.,     490.,     491.,     134.
     561.,     491.,     492.,     134.
     562.,     492.,     262.,     134.
     563.,     435.,     494.,     135.
     564.,     494.,     493.,     135.
     565.,     440.,     496.,     136.
     566.,     496.,     495.,     136.
     567.,     436.,     497.,     137.
     568.,     497.,     493.,     137.
     569.,     431.,     499.,     138.
     570.,     499.,     498.,     138.
     571.,     426.,     501.,     139.
     572.,     501.,     500.,     139.
     573.,     441.,     502.,     140.
     574.,     502.,     495.,     140.
     575.,     346.,     504.,     141.
     576.,     504.,     505.,     141.
     577.,     505.,     503.,     141.
     578.,     503.,     506.,     142.
     579.,     506.,     507.,     142.
     580.,     507.,     340.,     142.
     581.,     340.,     508.,     143.
     582.,     508.,     509.,     143.
     583.,     509.,     255.,     143.
     584.,     250.,     510.,     144.
     585.,     510.,     511.,     144.
     586.,     511.,     512.,     144.
     587.,     512.,     513.,     144.
     588.,     513.,     255.,     144.
     589.,     256.,     514.,     145.
     590.,     514.,     515.,     145.
     591.,     515.,     516.,     145.
     592.,     516.,     517.,     145.
     593.,     517.,     261.,     145.
     594.,     262.,     518.,     146.
     595.,     518.,     519.,     146.
     596.,     519.,     520.,     146.
     597.,     520.,     521.,     146.
     598.,     521.,     267.,     146.
     599.,     268.,     522.,     147.
     600.,     522.,     523.,     147.
     601.,     523.,     524.,     147.
     602.,     524.,     525.,     147.
     603.,     525.,     249.,     147.
     604.,     346.,     526.,     148.
     605.,     526.,     527.,     148.
     606.,     527.,     268.,     148.
     607.,     343.,     528.,     149.
     608.,     528.,     529.,     149.
     609.,     529.,     262.,     149.
     610.,     340.,     530.,     150.
     611.,     530.,     531.,     150.
     612.,     531.,     256.,     150.
     613.,     337.,     532.,     151.
     614.,     532.,     533.,     151.
     615.,     533.,     250.,     151.
     616.,     343.,     534.,     152.
     617.,     534.,     535.,     152.
     618.,     535.,     261.,     152.
     619.,     503.,     536.,     153.
     620.,     536.,     537.,     153.
     621.,     537.,     343.,     153.
     622.,     337.,     538.,     154.
     623.,     538.,     539.,     154.
     624.,     539.,     503.,     154.
     625.,     301.,     540.,     155.
     626.,     540.,     541.,     155.
     627.,     541.,     542.,     155.
     628.,     542.,      65.,     155.
     629.,     297.,     543.,     156.
     630.,     543.,     544.,     156.
     631.,     544.,     545.,     156.
     632.,     545.,     262.,     156.
     633.,     293.,     546.,     157.
     634.,     546.,     547.,     157.
     635.,     547.,     548.,     157.
     636.,     548.,      57.,     157.
     637.,     289.,     549.,     158.
     638.,     549.,     550.,     158.
     639.,     550.,     551.,     158.
     640.,     551.,     256.,     158.
     641.,     225.,     552.,     159.
     642.,     552.,     553.,     159.
     643.,     553.,     554.,     159.
     644.,     554.,     555.,     159.
     645.,     555.,     556.,     159.
     646.,     556.,     557.,     159.
     647.,     557.,     558.,     159.
     648.,     558.,     255.,     159.
     649.,     285.,     559.,     160.
     650.,     559.,     560.,     160.
     651.,     560.,     561.,     160.
     652.,     561.,      49.,     160.
     653.,     281.,     562.,     161.
     654.,     562.,     563.,     161.
     655.,     563.,     564.,     161.
     656.,     564.,     250.,     161.
     657.,     217.,     565.,     162.
     658.,     565.,     566.,     162.
     659.,     566.,     567.,     162.
     660.,     567.,     568.,     162.
     661.,     568.,     569.,     162.
     662.,     569.,     570.,     162.
     663.,     570.,     571.,     162.
     664.,     571.,     249.,     162.
     665.,     277.,     572.,     163.
     666.,     572.,     573.,     163.
     667.,     573.,     574.,     163.
     668.,     574.,      41.,     163.
     669.,     273.,     575.,     164.
     670.,     575.,     576.,     164.
     671.,     576.,     577.,     164.
     672.,     577.,     268.,     164.
     673.,     241.,     578.,     165.
     674.,     578.,     579.,     165.
     675.,     579.,     580.,     165.
     676.,     580.,     581.,     165.
     677.,     581.,     582.,     165.
     678.,     582.,     583.,     165.
     679.,     583.,     584.,     165.
     680.,     584.,     267.,     165.
     681.,     233.,     585.,     166.
     682.,     585.,     586.,     166.
     683.,     586.,     587.,     166.
     684.,     587.,     588.,     166.
     685.,     588.,     589.,     166.
     686.,     589.,     590.,     166.
     687.,     590.,     591.,     166.
     688.,     591.,     261.,     166.
     689.,      22.,     592.,     167.
     690.,     592.,     593.,     167.
     691.,     593.,     594.,     167.
     692.,     594.,     595.,     167.
     693.,     595.,     596.,     167.
     694.,     596.,     597.,     167.
     695.,     597.,     598.,     167.
     696.,     598.,     599.,     167.
     697.,     599.,      57.,     167.
     698.,      32.,     600.,     168.
     699.,     600.,     601.,     168.
     700.,     601.,     602.,     168.
     701.,     602.,     603.,     168.
     702.,     603.,     604.,     168.
     703.,     604.,     605.,     168.
     704.,     605.,     606.,     168.
     705.,     606.,     607.,     168.
     706.,     607.,      65.,     168.
     707.,       2.,     608.,     169.
     708.,     608.,     609.,     169.
     709.,     609.,     610.,     169.
     710.,     610.,     611.,     169.
     711.,     611.,     612.,     169.
     712.,     612.,     613.,     169.
     713.,     613.,     614.,     169.
     714.,     614.,     615.,     169.
     715.,     615.,      41.,     169.
     716.,      12.,     616.,     170.
     717.,     616.,     617.,     170.
     718.,     617.,     618.,     170.
     719.,     618.,     619.,     170.
     720.,     619.,     620.,     170.
     721.,     620.,     621.,     170.
     722.,     621.,     622.,     170.
     723.,     622.,     623.,     170.
     724.,     623.,      49.,     170.
     725.,      83.,     624.,     171.
     726.,     624.,     625.,     171.
     727.,     625.,     626.,     171.
     728.,     626.,     627.,     171.
     729.,     627.,      50.,     171.
     730.,      88.,     628.,     172.
     731.,     628.,     629.,     172.
     732.,     629.,     630.,     172.
     733.,     630.,     631.,     172.
     734.,     631.,      21.,     172.
     735.,      93.,     632.,     173.
     736.,     632.,     633.,     173.
     737.,     633.,     634.,     173.
     738.,     634.,     635.,     173.
     739.,     635.,      58.,     173.
     740.,      98.,     636.,     174.
     741.,     636.,     637.,     174.
     742.,     637.,     638.,     174.
     743.,     638.,     639.,     174.
     744.,     639.,      31.,     174.
     745.,     103.,     640.,     175.
     746.,     640.,     641.,     175.
     747.,     641.,     642.,     175.
     748.,     642.,     643.,     175.
     749.,     643.,      66.,     175.
     750.,     108.,     644.,     176.
     751.,     644.,     645.,     176.
     752.,     645.,     646.,     176.
     753.,     646.,     647.,     176.
     754.,     647.,       1.,     176.
     755.,      73.,     648.,     177.
     756.,     648.,     649.,     177.
     757.,     649.,     650.,     177.
     758.,     650.,     651.,     177.
     759.,     651.,      42.,     177.
     760.,      78.,     652.,     178.
     761.,     652.,     653.,     178.
     762.,     653.,     654.,     178.
     763.,     654.,     655.,     178.
     764.,     655.,      11.,     178.
     765.,      50.,     656.,     179.
     766.,     656.,     657.,     179.
     767.,     657.,     658.,     179.
     768.,     658.,     659.,     179.
     769.,     659.,     660.,     179.
     770.,     660.,     661.,     179.
     771.,     661.,      57.,     179.
     772.,      58.,     662.,     180.
     773.,     662.,     663.,     180.
     774.,     663.,     664.,     180.
     775.,     664.,     665.,     180.
     776.,     665.,     666.,     180.
     777.,     666.,     667.,     180.
     778.,     667.,      65.,     180.
     779.,      66.,     668.,     181.
     780.,     668.,     669.,     181.
     781.,     669.,     670.,     181.
     782.,     670.,     671.,     181.
     783.,     671.,     672.,     181.
     784.,     672.,     673.,     181.
     785.,     673.,      41.,     181.
     786.,      42.,     674.,     182.
     787.,     674.,     675.,     182.
     788.,     675.,     676.,     182.
     789.,     676.,     677.,     182.
     790.,     677.,     678.,     182.
     791.,     678.,     679.,     182.
     792.,     679.,      49.,     182.
     793.,     148.,     680.,     183.
     794.,     680.,     681.,     183.
     795.,     681.,      50.,     183.
     796.,     151.,     682.,     184.
     797.,     682.,     683.,     184.
     798.,     683.,      58.,     184.
     799.,     154.,     684.,     185.
     800.,     684.,     685.,     185.
     801.,     685.,      66.,     185.
     802.,     145.,     686.,     186.
     803.,     686.,     687.,     186.
     804.,     687.,      42.,     186.
     805.,     401.,     688.,     187.
     806.,     688.,     689.,     187.
     807.,     689.,     690.,     187.
     808.,     690.,     691.,     187.
     809.,     691.,     692.,     187.
     810.,     692.,     693.,     187.
     811.,     693.,     694.,     187.
     812.,     694.,     430.,     187.
     813.,     409.,     695.,     188.
     814.,     695.,     696.,     188.
     815.,     696.,     697.,     188.
     816.,     697.,     698.,     188.
     817.,     698.,     699.,     188.
     818.,     699.,     700.,     188.
     819.,     700.,     701.,     188.
     820.,     701.,     435.,     188.
     821.,     417.,     702.,     189.
     822.,     702.,     703.,     189.
     823.,     703.,     704.,     189.
     824.,     704.,     705.,     189.
     825.,     705.,     706.,     189.
     826.,     706.,     707.,     189.
     827.,     707.,     708.,     189.
     828.,     708.,     440.,     189.
     829.,     393.,     709.,     190.
     830.,     709.,     710.,     190.
     831.,     710.,     711.,     190.
     832.,     711.,     712.,     190.
     833.,     712.,     713.,     190.
     834.,     713.,     714.,     190.
     835.,     714.,     715.,     190.
     836.,     715.,     425.,     190.
     837.,     426.,     716.,     191.
     838.,     716.,     717.,     191.
     839.,     717.,     718.,     191.
     840.,     718.,     430.,     191.
     841.,     431.,     719.,     192.
     842.,     719.,     720.,     192.
     843.,     720.,     721.,     192.
     844.,     721.,     435.,     192.
     845.,     436.,     722.,     193.
     846.,     722.,     723.,     193.
     847.,     723.,     724.,     193.
     848.,     724.,     440.,     193.
     849.,     441.,     725.,     194.
     850.,     725.,     726.,     194.
     851.,     726.,     727.,     194.
     852.,     727.,     425.,     194.
     853.,     500.,     728.,     195.
     854.,     728.,     441.,     195.
     855.,     498.,     729.,     196.
     856.,     729.,     426.,     196.
     857.,     493.,     730.,     197.
     858.,     730.,     431.,     197.
     859.,     495.,     731.,     198.
     860.,     731.,     436.,     198.
     861.,     493.,     733.,     199.
     862.,     733.,     732.,     199.
     863.,     732.,     734.,     200.
     864.,     734.,     500.,     200.
     865.,     500.,     735.,     201.
     866.,     735.,     425.,     201.
     867.,     495.,     736.,     202.
     868.,     736.,     732.,     202.
     869.,     732.,     737.,     203.
     870.,     737.,     498.,     203.
     871.,     498.,     738.,     204.
     872.,     738.,     430.,     204.
     873.,     425.,     740.,     205.
     874.,     740.,     741.,     205.
     875.,     741.,     742.,     205.
     876.,     742.,     743.,     205.
     877.,     743.,     744.,     205.
     878.,     744.,     745.,     205.
     879.,     745.,     746.,     205.
     880.,     746.,     739.,     205.
     881.,     430.,     748.,     206.
     882.,     748.,     749.,     206.
     883.,     749.,     750.,     206.
     884.,     750.,     751.,     206.
     885.,     751.,     752.,     206.
     886.,     752.,     753.,     206.
     887.,     753.,     754.,     206.
     888.,     754.,     747.,     206.
     889.,     435.,     756.,     207.
     890.,     756.,     757.,     207.
     891.,     757.,     758.,     207.
     892.,     758.,     759.,     207.
     893.,     759.,     760.,     207.
     894.,     760.,     761.,     207.
     895.,     761.,     762.,     207.
     896.,     762.,     755.,     207.
     897.,     440.,     764.,     208.
     898.,     764.,     765.,     208.
     899.,     765.,     766.,     208.
     900.,     766.,     767.,     208.
     901.,     767.,     768.,     208.
     902.,     768.,     769.,     208.
     903.,     769.,     770.,     208.
     904.,     770.,     763.,     208.
     905.,     763.,     772.,     209.
     906.,     772.,     773.,     209.
     907.,     773.,     774.,     209.
     908.,     774.,     775.,     209.
     909.,     775.,     776.,     209.
     910.,     776.,     777.,     209.
     911.,     777.,     778.,     209.
     912.,     778.,     771.,     209.
     913.,     739.,     780.,     210.
     914.,     780.,     781.,     210.
     915.,     781.,     782.,     210.
     916.,     782.,     783.,     210.
     917.,     783.,     784.,     210.
     918.,     784.,     785.,     210.
     919.,     785.,     786.,     210.
     920.,     786.,     779.,     210.
     921.,     747.,     788.,     211.
     922.,     788.,     789.,     211.
     923.,     789.,     790.,     211.
     924.,     790.,     791.,     211.
     925.,     791.,     792.,     211.
     926.,     792.,     793.,     211.
     927.,     793.,     794.,     211.
     928.,     794.,     787.,     211.
     929.,     755.,     796.,     212.
     930.,     796.,     797.,     212.
     931.,     797.,     798.,     212.
     932.,     798.,     799.,     212.
     933.,     799.,     800.,     212.
     934.,     800.,     801.,     212.
     935.,     801.,     802.,     212.
     936.,     802.,     795.,     212.
     937.,     771.,     804.,     213.
     938.,     804.,     805.,     213.
     939.,     805.,     806.,     213.
     940.,     806.,     803.,     213.
     941.,     779.,     808.,     214.
     942.,     808.,     809.,     214.
     943.,     809.,     810.,     214.
     944.,     810.,     807.,     214.
     945.,     787.,     812.,     215.
     946.,     812.,     813.,     215.
     947.,     813.,     814.,     215.
     948.,     814.,     811.,     215.
     949.,     795.,     816.,     216.
     950.,     816.,     817.,     216.
     951.,     817.,     818.,     216.
     952.,     818.,     815.,     216.
     953.,     440.,     820.,     217.
     954.,     820.,     821.,     217.
     955.,     821.,     819.,     217.
     956.,     739.,     823.,     218.
     957.,     823.,     824.,     218.
     958.,     824.,     822.,     218.
     959.,     430.,     826.,     219.
     960.,     826.,     827.,     219.
     961.,     827.,     825.,     219.
     962.,     755.,     829.,     220.
     963.,     829.,     830.,     220.
     964.,     830.,     828.,     220.
     965.,     763.,     831.,     221.
     966.,     831.,     832.,     221.
     967.,     832.,     819.,     221.
     968.,     425.,     833.,     222.
     969.,     833.,     834.,     222.
     970.,     834.,     822.,     222.
     971.,     747.,     835.,     223.
     972.,     835.,     836.,     223.
     973.,     836.,     825.,     223.
     974.,     435.,     837.,     224.
     975.,     837.,     838.,     224.
     976.,     838.,     828.,     224.
     977.,     747.,     840.,     225.
     978.,     840.,     841.,     225.
     979.,     841.,     839.,     225.
     980.,     795.,     843.,     226.
     981.,     843.,     844.,     226.
     982.,     844.,     842.,     226.
     983.,     763.,     846.,     227.
     984.,     846.,     847.,     227.
     985.,     847.,     845.,     227.
     986.,     779.,     849.,     228.
     987.,     849.,     850.,     228.
     988.,     850.,     848.,     228.
     989.,     787.,     851.,     229.
     990.,     851.,     852.,     229.
     991.,     852.,     839.,     229.
     992.,     755.,     853.,     230.
     993.,     853.,     854.,     230.
     994.,     854.,     842.,     230.
     995.,     771.,     855.,     231.
     996.,     855.,     856.,     231.
     997.,     856.,     845.,     231.
     998.,     739.,     857.,     232.
     999.,     857.,     858.,     232.
    1000.,     858.,     848.,     232.
    1001.,     779.,     860.,     233.
    1002.,     860.,     861.,     233.
    1003.,     861.,     859.,     233.
    1004.,     862.,     864.,     234.
    1005.,     864.,     865.,     234.
    1006.,     865.,     863.,     234.
    1007.,     795.,     867.,     235.
    1008.,     867.,     868.,     235.
    1009.,     868.,     866.,     235.
    1010.,     869.,     871.,     236.
    1011.,     871.,     872.,     236.
    1012.,     872.,     870.,     236.
    1013.,     873.,     874.,     237.
    1014.,     874.,     875.,     237.
    1015.,     875.,     859.,     237.
    1016.,     787.,     876.,     238.
    1017.,     876.,     877.,     238.
    1018.,     877.,     863.,     238.
    1019.,     878.,     879.,     239.
    1020.,     879.,     880.,     239.
    1021.,     880.,     866.,     239.
    1022.,     771.,     881.,     240.
    1023.,     881.,     882.,     240.
    1024.,     882.,     870.,     240.
    1025.,     819.,     883.,     241.
    1026.,     883.,     884.,     241.
    1027.,     884.,     739.,     241.
    1028.,     819.,     885.,     242.
    1029.,     885.,     886.,     242.
    1030.,     886.,     425.,     242.
    1031.,     822.,     887.,     243.
    1032.,     887.,     888.,     243.
    1033.,     888.,     747.,     243.
    1034.,     822.,     889.,     244.
    1035.,     889.,     890.,     244.
    1036.,     890.,     430.,     244.
    1037.,     825.,     891.,     245.
    1038.,     891.,     892.,     245.
    1039.,     892.,     755.,     245.
    1040.,     825.,     893.,     246.
    1041.,     893.,     894.,     246.
    1042.,     894.,     435.,     246.
    1043.,     828.,     895.,     247.
    1044.,     895.,     896.,     247.
    1045.,     896.,     440.,     247.
    1046.,     828.,     897.,     248.
    1047.,     897.,     898.,     248.
    1048.,     898.,     763.,     248.
    1049.,     845.,     899.,     249.
    1050.,     899.,     900.,     249.
    1051.,     900.,     779.,     249.
    1052.,     845.,     901.,     250.
    1053.,     901.,     902.,     250.
    1054.,     902.,     739.,     250.
    1055.,     848.,     903.,     251.
    1056.,     903.,     904.,     251.
    1057.,     904.,     787.,     251.
    1058.,     848.,     905.,     252.
    1059.,     905.,     906.,     252.
    1060.,     906.,     747.,     252.
    1061.,     839.,     907.,     253.
    1062.,     907.,     908.,     253.
    1063.,     908.,     755.,     253.
    1064.,     839.,     909.,     254.
    1065.,     909.,     910.,     254.
    1066.,     910.,     795.,     254.
    1067.,     842.,     911.,     255.
    1068.,     911.,     912.,     255.
    1069.,     912.,     771.,     255.
    1070.,     842.,     913.,     256.
    1071.,     913.,     914.,     256.
    1072.,     914.,     763.,     256.
    1073.,     859.,     915.,     257.
    1074.,     915.,     916.,     257.
    1075.,     916.,     862.,     257.
    1076.,     859.,     917.,     258.
    1077.,     917.,     918.,     258.
    1078.,     918.,     787.,     258.
    1079.,     863.,     919.,     259.
    1080.,     919.,     920.,     259.
    1081.,     920.,     878.,     259.
    1082.,     863.,     921.,     260.
    1083.,     921.,     922.,     260.
    1084.,     922.,     795.,     260.
    1085.,     866.,     923.,     261.
    1086.,     923.,     924.,     261.
    1087.,     924.,     869.,     261.
    1088.,     866.,     925.,     262.
    1089.,     925.,     926.,     262.
    1090.,     926.,     771.,     262.
    1091.,     870.,     927.,     263.
    1092.,     927.,     928.,     263.
    1093.,     928.,     873.,     263.
    1094.,     870.,     929.,     264.
    1095.,     929.,     930.,     264.
    1096.,     930.,     779.,     264.
    1097.,     870.,     932.,     265.
    1098.,     932.,     931.,     265.
    1099.,     859.,     934.,     266.
    1100.,     934.,     933.,     266.
    1101.,     863.,     936.,     267.
    1102.,     936.,     935.,     267.
    1103.,     866.,     938.,     268.
    1104.,     938.,     937.,     268.
    1105.,     935.,     939.,     269.
    1106.,     937.,     940.,     270.
    1107.,     931.,     941.,     271.
    1108.,     933.,     942.,     272.
    1109.,     935.,     943.,     273.
    1110.,     943.,     866.,     273.
    1111.,     937.,     944.,     274.
    1112.,     944.,     870.,     274.
    1113.,     931.,     945.,     275.
    1114.,     945.,     859.,     275.
    1115.,     933.,     946.,     276.
    1116.,     946.,     863.,     276.
    1117.,     866.,     939.,     277.
    1118.,     870.,     940.,     278.
    1119.,     941.,     859.,     279.
    1120.,     947.,     941.,     280.
    1121.,     939.,     947.,     281.
    1122.,     940.,     947.,     282.
    1123.,     947.,     942.,     283.
    1124.,     942.,     863.,     284.
    1125.,     811.,     948.,     285.
    1126.,     948.,     949.,     285.
    1127.,     949.,     863.,     285.
    1128.,     811.,     950.,     286.
    1129.,     950.,     951.,     286.
    1130.,     951.,     859.,     286.
    1131.,     863.,     952.,     287.
    1132.,     952.,     953.,     287.
    1133.,     953.,     815.,     287.
    1134.,     815.,     954.,     288.
    1135.,     954.,     955.,     288.
    1136.,     955.,     956.,     288.
    1137.,     956.,     878.,     288.
    1138.,     811.,     957.,     289.
    1139.,     957.,     958.,     289.
    1140.,     958.,     959.,     289.
    1141.,     959.,     862.,     289.
    1142.,     815.,     960.,     290.
    1143.,     960.,     961.,     290.
    1144.,     961.,     866.,     290.
    1145.,     866.,     962.,     291.
    1146.,     962.,     963.,     291.
    1147.,     963.,     803.,     291.
    1148.,     803.,     964.,     292.
    1149.,     964.,     965.,     292.
    1150.,     965.,     966.,     292.
    1151.,     966.,     869.,     292.
    1152.,     803.,     967.,     293.
    1153.,     967.,     968.,     293.
    1154.,     968.,     870.,     293.
    1155.,     870.,     969.,     294.
    1156.,     969.,     970.,     294.
    1157.,     970.,     807.,     294.
    1158.,     807.,     971.,     295.
    1159.,     971.,     972.,     295.
    1160.,     972.,     973.,     295.
    1161.,     973.,     873.,     295.
    1162.,     807.,     974.,     296.
    1163.,     974.,     975.,     296.
    1164.,     975.,     859.,     296.
    1165.,     941.,     933.,     297.
    1166.,     942.,     935.,     298.
    1167.,     939.,     937.,     299.
    1168.,     940.,     931.,     300.
    1169.,     869.,     977.,     301.
    1170.,     977.,     978.,     301.
    1171.,     978.,     979.,     301.
    1172.,     979.,     980.,     301.
    1173.,     980.,     981.,     301.
    1174.,     981.,     982.,     301.
    1175.,     982.,     983.,     301.
    1176.,     983.,     976.,     301.
    1177.,     976.,     985.,     302.
    1178.,     985.,     986.,     302.
    1179.,     986.,     987.,     302.
    1180.,     987.,     984.,     302.
    1181.,     873.,     989.,     303.
    1182.,     989.,     990.,     303.
    1183.,     990.,     991.,     303.
    1184.,     991.,     992.,     303.
    1185.,     992.,     993.,     303.
    1186.,     993.,     994.,     303.
    1187.,     994.,     995.,     303.
    1188.,     995.,     988.,     303.
    1189.,     988.,     997.,     304.
    1190.,     997.,     998.,     304.
    1191.,     998.,     999.,     304.
    1192.,     999.,     996.,     304.
    1193.,    1000.,    1002.,     305.
    1194.,    1002.,    1003.,     305.
    1195.,    1003.,    1004.,     305.
    1196.,    1004.,    1001.,     305.
    1197.,     862.,    1005.,     306.
    1198.,    1005.,    1006.,     306.
    1199.,    1006.,    1007.,     306.
    1200.,    1007.,    1008.,     306.
    1201.,    1008.,    1009.,     306.
    1202.,    1009.,    1010.,     306.
    1203.,    1010.,    1011.,     306.
    1204.,    1011.,    1000.,     306.
    1205.,     878.,    1013.,     307.
    1206.,    1013.,    1014.,     307.
    1207.,    1014.,    1015.,     307.
    1208.,    1015.,    1016.,     307.
    1209.,    1016.,    1017.,     307.
    1210.,    1017.,    1018.,     307.
    1211.,    1018.,    1019.,     307.
    1212.,    1019.,    1012.,     307.
    1213.,    1012.,    1021.,     308.
    1214.,    1021.,    1022.,     308.
    1215.,    1022.,    1023.,     308.
    1216.,    1023.,    1020.,     308.
    1217.,     873.,    1025.,     309.
    1218.,    1025.,    1026.,     309.
    1219.,    1026.,    1024.,     309.
    1220.,    1000.,    1028.,     310.
    1221.,    1028.,    1029.,     310.
    1222.,    1029.,    1027.,     310.
    1223.,     878.,    1031.,     311.
    1224.,    1031.,    1032.,     311.
    1225.,    1032.,    1030.,     311.
    1226.,     976.,    1034.,     312.
    1227.,    1034.,    1035.,     312.
    1228.,    1035.,    1033.,     312.
    1229.,     988.,    1036.,     313.
    1230.,    1036.,    1037.,     313.
    1231.,    1037.,    1024.,     313.
    1232.,     862.,    1038.,     314.
    1233.,    1038.,    1039.,     314.
    1234.,    1039.,    1027.,     314.
    1235.,    1012.,    1040.,     315.
    1236.,    1040.,    1041.,     315.
    1237.,    1041.,    1030.,     315.
    1238.,     869.,    1042.,     316.
    1239.,    1042.,    1043.,     316.
    1240.,    1043.,    1033.,     316.
    1241.,     988.,    1045.,     317.
    1242.,    1045.,    1046.,     317.
    1243.,    1046.,    1044.,     317.
    1244.,    1047.,    1049.,     318.
    1245.,    1049.,    1048.,     318.
    1246.,    1012.,    1051.,     319.
    1247.,    1051.,    1052.,     319.
    1248.,    1052.,    1050.,     319.
    1249.,    1053.,    1055.,     320.
    1250.,    1055.,    1054.,     320.
    1251.,    1056.,    1057.,     321.
    1252.,    1057.,    1044.,     321.
    1253.,    1000.,    1058.,     322.
    1254.,    1058.,    1059.,     322.
    1255.,    1059.,    1048.,     322.
    1256.,    1060.,    1061.,     323.
    1257.,    1061.,    1050.,     323.
    1258.,     976.,    1062.,     324.
    1259.,    1062.,    1063.,     324.
    1260.,    1063.,    1054.,     324.
    1261.,    1030.,    1064.,     325.
    1262.,    1064.,    1065.,     325.
    1263.,    1065.,     976.,     325.
    1264.,    1030.,    1066.,     326.
    1265.,    1066.,    1067.,     326.
    1266.,    1067.,     869.,     326.
    1267.,    1033.,    1068.,     327.
    1268.,    1068.,    1069.,     327.
    1269.,    1069.,     988.,     327.
    1270.,    1033.,    1070.,     328.
    1271.,    1070.,    1071.,     328.
    1272.,    1071.,     873.,     328.
    1273.,    1024.,    1072.,     329.
    1274.,    1072.,    1073.,     329.
    1275.,    1073.,    1000.,     329.
    1276.,    1024.,    1074.,     330.
    1277.,    1074.,    1075.,     330.
    1278.,    1075.,     862.,     330.
    1279.,    1027.,    1076.,     331.
    1280.,    1076.,    1077.,     331.
    1281.,    1077.,    1012.,     331.
    1282.,    1027.,    1078.,     332.
    1283.,    1078.,    1079.,     332.
    1284.,    1079.,     878.,     332.
    1285.,    1050.,    1080.,     333.
    1286.,    1080.,    1053.,     333.
    1287.,    1050.,    1081.,     334.
    1288.,    1081.,    1082.,     334.
    1289.,    1082.,     976.,     334.
    1290.,    1054.,    1083.,     335.
    1291.,    1083.,    1056.,     335.
    1292.,    1054.,    1084.,     336.
    1293.,    1084.,    1085.,     336.
    1294.,    1085.,     988.,     336.
    1295.,    1044.,    1086.,     337.
    1296.,    1086.,    1047.,     337.
    1297.,    1044.,    1087.,     338.
    1298.,    1087.,    1088.,     338.
    1299.,    1088.,    1000.,     338.
    1300.,    1048.,    1089.,     339.
    1301.,    1089.,    1060.,     339.
    1302.,    1048.,    1090.,     340.
    1303.,    1090.,    1091.,     340.
    1304.,    1091.,    1012.,     340.
    1305.,     996.,    1092.,     341.
    1306.,    1092.,    1093.,     341.
    1307.,    1093.,    1044.,     341.
    1308.,     996.,    1094.,     342.
    1309.,    1094.,    1095.,     342.
    1310.,    1095.,    1096.,     342.
    1311.,    1096.,    1056.,     342.
    1312.,    1044.,    1097.,     343.
    1313.,    1097.,    1098.,     343.
    1314.,    1098.,    1001.,     343.
    1315.,    1001.,    1099.,     344.
    1316.,    1099.,    1100.,     344.
    1317.,    1100.,    1101.,     344.
    1318.,    1101.,    1047.,     344.
    1319.,    1001.,    1102.,     345.
    1320.,    1102.,    1103.,     345.
    1321.,    1103.,    1048.,     345.
    1322.,    1048.,    1104.,     346.
    1323.,    1104.,    1105.,     346.
    1324.,    1105.,    1020.,     346.
    1325.,    1020.,    1106.,     347.
    1326.,    1106.,    1107.,     347.
    1327.,    1107.,    1108.,     347.
    1328.,    1108.,    1060.,     347.
    1329.,    1020.,    1109.,     348.
    1330.,    1109.,    1110.,     348.
    1331.,    1110.,    1050.,     348.
    1332.,    1050.,    1111.,     349.
    1333.,    1111.,    1112.,     349.
    1334.,    1112.,     984.,     349.
    1335.,     984.,    1113.,     350.
    1336.,    1113.,    1114.,     350.
    1337.,    1114.,    1115.,     350.
    1338.,    1115.,    1053.,     350.
    1339.,     984.,    1116.,     351.
    1340.,    1116.,    1117.,     351.
    1341.,    1117.,    1054.,     351.
    1342.,    1054.,    1118.,     352.
    1343.,    1118.,    1119.,     352.
    1344.,    1119.,     996.,     352.
    1345.,    1053.,    1121.,     353.
    1346.,    1121.,    1122.,     353.
    1347.,    1122.,    1123.,     353.
    1348.,    1123.,    1124.,     353.
    1349.,    1124.,    1125.,     353.
    1350.,    1125.,    1126.,     353.
    1351.,    1126.,    1120.,     353.
    1352.,    1120.,    1128.,     354.
    1353.,    1128.,    1129.,     354.
    1354.,    1129.,    1130.,     354.
    1355.,    1130.,    1127.,     354.
    1356.,    1056.,    1132.,     355.
    1357.,    1132.,    1133.,     355.
    1358.,    1133.,    1134.,     355.
    1359.,    1134.,    1135.,     355.
    1360.,    1135.,    1136.,     355.
    1361.,    1136.,    1137.,     355.
    1362.,    1137.,    1131.,     355.
    1363.,    1131.,    1139.,     356.
    1364.,    1139.,    1140.,     356.
    1365.,    1140.,    1141.,     356.
    1366.,    1141.,    1138.,     356.
    1367.,    1142.,    1144.,     357.
    1368.,    1144.,    1145.,     357.
    1369.,    1145.,    1146.,     357.
    1370.,    1146.,    1143.,     357.
    1371.,    1047.,    1147.,     358.
    1372.,    1147.,    1148.,     358.
    1373.,    1148.,    1149.,     358.
    1374.,    1149.,    1150.,     358.
    1375.,    1150.,    1151.,     358.
    1376.,    1151.,    1152.,     358.
    1377.,    1152.,    1142.,     358.
    1378.,    1060.,    1154.,     359.
    1379.,    1154.,    1155.,     359.
    1380.,    1155.,    1156.,     359.
    1381.,    1156.,    1157.,     359.
    1382.,    1157.,    1158.,     359.
    1383.,    1158.,    1159.,     359.
    1384.,    1159.,    1153.,     359.
    1385.,    1153.,    1161.,     360.
    1386.,    1161.,    1162.,     360.
    1387.,    1162.,    1163.,     360.
    1388.,    1163.,    1160.,     360.
    1389.,    1053.,    1165.,     361.
    1390.,    1165.,    1164.,     361.
    1391.,    1131.,    1167.,     362.
    1392.,    1167.,    1166.,     362.
    1393.,    1047.,    1169.,     363.
    1394.,    1169.,    1168.,     363.
    1395.,    1153.,    1171.,     364.
    1396.,    1171.,    1170.,     364.
    1397.,    1060.,    1172.,     365.
    1398.,    1172.,    1170.,     365.
    1399.,    1120.,    1173.,     366.
    1400.,    1173.,    1164.,     366.
    1401.,    1056.,    1174.,     367.
    1402.,    1174.,    1166.,     367.
    1403.,    1142.,    1175.,     368.
    1404.,    1175.,    1168.,     368.
    1405.,    1120.,    1177.,     369.
    1406.,    1177.,    1176.,     369.
    1407.,    1178.,    1180.,     370.
    1408.,    1180.,    1179.,     370.
    1409.,    1142.,    1182.,     371.
    1410.,    1182.,    1181.,     371.
    1411.,    1183.,    1185.,     372.
    1412.,    1185.,    1184.,     372.
    1413.,    1153.,    1186.,     373.
    1414.,    1186.,    1184.,     373.
    1415.,    1187.,    1188.,     374.
    1416.,    1188.,    1176.,     374.
    1417.,    1131.,    1189.,     375.
    1418.,    1189.,    1179.,     375.
    1419.,    1190.,    1191.,     376.
    1420.,    1191.,    1181.,     376.
    1421.,    1164.,    1192.,     377.
    1422.,    1192.,    1131.,     377.
    1423.,    1164.,    1193.,     378.
    1424.,    1193.,    1056.,     378.
    1425.,    1166.,    1194.,     379.
    1426.,    1194.,    1142.,     379.
    1427.,    1166.,    1195.,     380.
    1428.,    1195.,    1047.,     380.
    1429.,    1168.,    1196.,     381.
    1430.,    1196.,    1153.,     381.
    1431.,    1168.,    1197.,     382.
    1432.,    1197.,    1060.,     382.
    1433.,    1170.,    1198.,     383.
    1434.,    1198.,    1120.,     383.
    1435.,    1170.,    1199.,     384.
    1436.,    1199.,    1053.,     384.
    1437.,    1176.,    1200.,     385.
    1438.,    1200.,    1178.,     385.
    1439.,    1176.,    1201.,     386.
    1440.,    1201.,    1131.,     386.
    1441.,    1179.,    1202.,     387.
    1442.,    1202.,    1190.,     387.
    1443.,    1179.,    1203.,     388.
    1444.,    1203.,    1142.,     388.
    1445.,    1181.,    1204.,     389.
    1446.,    1204.,    1183.,     389.
    1447.,    1181.,    1205.,     390.
    1448.,    1205.,    1153.,     390.
    1449.,    1184.,    1206.,     391.
    1450.,    1206.,    1187.,     391.
    1451.,    1184.,    1207.,     392.
    1452.,    1207.,    1120.,     392.
    1453.,    1127.,    1208.,     393.
    1454.,    1208.,    1176.,     393.
    1455.,    1127.,    1209.,     394.
    1456.,    1209.,    1210.,     394.
    1457.,    1210.,    1187.,     394.
    1458.,    1176.,    1211.,     395.
    1459.,    1211.,    1138.,     395.
    1460.,    1138.,    1212.,     396.
    1461.,    1212.,    1213.,     396.
    1462.,    1213.,    1178.,     396.
    1463.,    1138.,    1214.,     397.
    1464.,    1214.,    1179.,     397.
    1465.,    1179.,    1215.,     398.
    1466.,    1215.,    1143.,     398.
    1467.,    1143.,    1216.,     399.
    1468.,    1216.,    1217.,     399.
    1469.,    1217.,    1190.,     399.
    1470.,    1143.,    1218.,     400.
    1471.,    1218.,    1181.,     400.
    1472.,    1181.,    1219.,     401.
    1473.,    1219.,    1160.,     401.
    1474.,    1160.,    1220.,     402.
    1475.,    1220.,    1221.,     402.
    1476.,    1221.,    1183.,     402.
    1477.,    1160.,    1222.,     403.
    1478.,    1222.,    1184.,     403.
    1479.,    1184.,    1223.,     404.
    1480.,    1223.,    1127.,     404.
    1481.,    1224.,    1226.,     405.
    1482.,    1226.,    1227.,     405.
    1483.,    1227.,    1228.,     405.
    1484.,    1228.,    1225.,     405.
    1485.,    1229.,    1231.,     406.
    1486.,    1231.,    1232.,     406.
    1487.,    1232.,    1233.,     406.
    1488.,    1233.,    1230.,     406.
    1489.,    1234.,    1236.,     407.
    1490.,    1236.,    1237.,     407.
    1491.,    1237.,    1238.,     407.
    1492.,    1238.,    1235.,     407.
    1493.,    1239.,    1241.,     408.
    1494.,    1241.,    1242.,     408.
    1495.,    1242.,    1243.,     408.
    1496.,    1243.,    1240.,     408.
    1497.,    1187.,    1244.,     409.
    1498.,    1244.,    1245.,     409.
    1499.,    1245.,    1246.,     409.
    1500.,    1246.,    1247.,     409.
    1501.,    1247.,    1248.,     409.
    1502.,    1248.,    1229.,     409.
    1503.,    1178.,    1249.,     410.
    1504.,    1249.,    1250.,     410.
    1505.,    1250.,    1251.,     410.
    1506.,    1251.,    1252.,     410.
    1507.,    1252.,    1253.,     410.
    1508.,    1253.,    1239.,     410.
    1509.,    1190.,    1254.,     411.
    1510.,    1254.,    1255.,     411.
    1511.,    1255.,    1256.,     411.
    1512.,    1256.,    1257.,     411.
    1513.,    1257.,    1258.,     411.
    1514.,    1258.,    1224.,     411.
    1515.,    1183.,    1259.,     412.
    1516.,    1259.,    1260.,     412.
    1517.,    1260.,    1261.,     412.
    1518.,    1261.,    1262.,     412.
    1519.,    1262.,    1263.,     412.
    1520.,    1263.,    1234.,     412.
    1521.,    1187.,    1265.,     413.
    1522.,    1265.,    1264.,     413.
    1523.,    1239.,    1267.,     414.
    1524.,    1267.,    1266.,     414.
    1525.,    1190.,    1269.,     415.
    1526.,    1269.,    1268.,     415.
    1527.,    1234.,    1271.,     416.
    1528.,    1271.,    1270.,     416.
    1529.,    1229.,    1272.,     417.
    1530.,    1272.,    1264.,     417.
    1531.,    1178.,    1273.,     418.
    1532.,    1273.,    1266.,     418.
    1533.,    1224.,    1274.,     419.
    1534.,    1274.,    1268.,     419.
    1535.,    1183.,    1275.,     420.
    1536.,    1275.,    1270.,     420.
    1537.,    1239.,    1277.,     421.
    1538.,    1277.,    1276.,     421.
    1539.,    1276.,    1278.,     422.
    1540.,    1278.,    1224.,     422.
    1541.,    1224.,    1280.,     423.
    1542.,    1280.,    1279.,     423.
    1543.,    1279.,    1281.,     424.
    1544.,    1281.,    1234.,     424.
    1545.,    1234.,    1283.,     425.
    1546.,    1283.,    1282.,     425.
    1547.,    1282.,    1284.,     426.
    1548.,    1284.,    1229.,     426.
    1549.,    1229.,    1286.,     427.
    1550.,    1286.,    1285.,     427.
    1551.,    1285.,    1287.,     428.
    1552.,    1287.,    1239.,     428.
    1553.,    1270.,    1288.,     429.
    1554.,    1288.,    1229.,     429.
    1555.,    1270.,    1289.,     430.
    1556.,    1289.,    1187.,     430.
    1557.,    1264.,    1290.,     431.
    1558.,    1290.,    1239.,     431.
    1559.,    1264.,    1291.,     432.
    1560.,    1291.,    1178.,     432.
    1561.,    1266.,    1292.,     433.
    1562.,    1292.,    1224.,     433.
    1563.,    1266.,    1293.,     434.
    1564.,    1293.,    1190.,     434.
    1565.,    1268.,    1294.,     435.
    1566.,    1294.,    1234.,     435.
    1567.,    1268.,    1295.,     436.
    1568.,    1295.,    1183.,     436.
    1569.,    1230.,    1296.,     437.
    1570.,    1296.,    1285.,     437.
    1571.,    1285.,    1297.,     438.
    1572.,    1297.,    1240.,     438.
    1573.,    1240.,    1298.,     439.
    1574.,    1298.,    1276.,     439.
    1575.,    1276.,    1299.,     440.
    1576.,    1299.,    1225.,     440.
    1577.,    1225.,    1300.,     441.
    1578.,    1300.,    1279.,     441.
    1579.,    1279.,    1301.,     442.
    1580.,    1301.,    1235.,     442.
    1581.,    1235.,    1302.,     443.
    1582.,    1302.,    1282.,     443.
    1583.,    1282.,    1303.,     444.
    1584.,    1303.,    1230.,     444.
    1585.,    1230.,    1305.,     445.
    1586.,    1305.,    1306.,     445.
    1587.,    1306.,    1307.,     445.
    1588.,    1307.,    1304.,     445.
    1589.,    1240.,    1309.,     446.
    1590.,    1309.,    1310.,     446.
    1591.,    1310.,    1311.,     446.
    1592.,    1311.,    1308.,     446.
    1593.,    1225.,    1313.,     447.
    1594.,    1313.,    1314.,     447.
    1595.,    1314.,    1315.,     447.
    1596.,    1315.,    1312.,     447.
    1597.,    1235.,    1317.,     448.
    1598.,    1317.,    1318.,     448.
    1599.,    1318.,    1319.,     448.
    1600.,    1319.,    1316.,     448.
    1601.,    1304.,    1321.,     449.
    1602.,    1321.,    1322.,     449.
    1603.,    1322.,    1323.,     449.
    1604.,    1323.,    1320.,     449.
    1605.,    1308.,    1325.,     450.
    1606.,    1325.,    1326.,     450.
    1607.,    1326.,    1327.,     450.
    1608.,    1327.,    1324.,     450.
    1609.,    1312.,    1329.,     451.
    1610.,    1329.,    1330.,     451.
    1611.,    1330.,    1331.,     451.
    1612.,    1331.,    1328.,     451.
    1613.,    1316.,    1333.,     452.
    1614.,    1333.,    1334.,     452.
    1615.,    1334.,    1335.,     452.
    1616.,    1335.,    1332.,     452.
    1617.,    1336.,    1337.,     453.
    1618.,    1337.,    1338.,     453.
    1619.,    1338.,    1339.,     453.
    1620.,    1339.,    1320.,     453.
    1621.,    1324.,    1341.,     454.
    1622.,    1341.,    1342.,     454.
    1623.,    1342.,    1343.,     454.
    1624.,    1343.,    1340.,     454.
    1625.,    1332.,    1345.,     455.
    1626.,    1345.,    1346.,     455.
    1627.,    1346.,    1347.,     455.
    1628.,    1347.,    1344.,     455.
    1629.,    1328.,    1349.,     456.
    1630.,    1349.,    1350.,     456.
    1631.,    1350.,    1351.,     456.
    1632.,    1351.,    1348.,     456.
    1633.,    1352.,    1353.,     457.
    1634.,    1353.,    1354.,     457.
    1635.,    1354.,    1355.,     457.
    1636.,    1355.,    1348.,     457.
    1637.,    1344.,    1357.,     458.
    1638.,    1357.,    1358.,     458.
    1639.,    1358.,    1359.,     458.
    1640.,    1359.,    1356.,     458.
    1641.,    1336.,    1361.,     459.
    1642.,    1361.,    1362.,     459.
    1643.,    1362.,    1363.,     459.
    1644.,    1363.,    1360.,     459.
    1645.,    1340.,    1365.,     460.
    1646.,    1365.,    1366.,     460.
    1647.,    1366.,    1367.,     460.
    1648.,    1367.,    1364.,     460.
    1649.,    1368.,    1369.,     461.
    1650.,    1369.,    1370.,     461.
    1651.,    1370.,    1364.,     461.
    1652.,    1352.,    1372.,     462.
    1653.,    1372.,    1373.,     462.
    1654.,    1373.,    1371.,     462.
    1655.,    1356.,    1375.,     463.
    1656.,    1375.,    1376.,     463.
    1657.,    1376.,    1374.,     463.
    1658.,    1360.,    1378.,     464.
    1659.,    1378.,    1379.,     464.
    1660.,    1379.,    1377.,     464.
    1661.,    1235.,    1381.,     465.
    1662.,    1381.,    1380.,     465.
    1663.,    1304.,    1383.,     466.
    1664.,    1383.,    1382.,     466.
    1665.,    1240.,    1385.,     467.
    1666.,    1385.,    1384.,     467.
    1667.,    1312.,    1387.,     468.
    1668.,    1387.,    1386.,     468.
    1669.,    1225.,    1388.,     469.
    1670.,    1388.,    1386.,     469.
    1671.,    1316.,    1389.,     470.
    1672.,    1389.,    1380.,     470.
    1673.,    1230.,    1390.,     471.
    1674.,    1390.,    1382.,     471.
    1675.,    1308.,    1391.,     472.
    1676.,    1391.,    1384.,     472.
    1677.,    1308.,    1393.,     473.
    1678.,    1393.,    1392.,     473.
    1679.,    1328.,    1395.,     474.
    1680.,    1395.,    1394.,     474.
    1681.,    1316.,    1397.,     475.
    1682.,    1397.,    1396.,     475.
    1683.,    1320.,    1399.,     476.
    1684.,    1399.,    1398.,     476.
    1685.,    1324.,    1400.,     477.
    1686.,    1400.,    1392.,     477.
    1687.,    1312.,    1401.,     478.
    1688.,    1401.,    1394.,     478.
    1689.,    1332.,    1402.,     479.
    1690.,    1402.,    1396.,     479.
    1691.,    1304.,    1403.,     480.
    1692.,    1403.,    1398.,     480.
    1693.,    1320.,    1405.,     481.
    1694.,    1405.,    1404.,     481.
    1695.,    1340.,    1407.,     482.
    1696.,    1407.,    1406.,     482.
    1697.,    1328.,    1409.,     483.
    1698.,    1409.,    1408.,     483.
    1699.,    1344.,    1411.,     484.
    1700.,    1411.,    1410.,     484.
    1701.,    1332.,    1412.,     485.
    1702.,    1412.,    1410.,     485.
    1703.,    1336.,    1413.,     486.
    1704.,    1413.,    1404.,     486.
    1705.,    1324.,    1414.,     487.
    1706.,    1414.,    1406.,     487.
    1707.,    1348.,    1415.,     488.
    1708.,    1415.,    1408.,     488.
    1709.,    1340.,    1417.,     489.
    1710.,    1417.,    1416.,     489.
    1711.,    1352.,    1419.,     490.
    1712.,    1419.,    1418.,     490.
    1713.,    1344.,    1421.,     491.
    1714.,    1421.,    1420.,     491.
    1715.,    1360.,    1423.,     492.
    1716.,    1423.,    1422.,     492.
    1717.,    1364.,    1424.,     493.
    1718.,    1424.,    1416.,     493.
    1719.,    1348.,    1425.,     494.
    1720.,    1425.,    1418.,     494.
    1721.,    1356.,    1426.,     495.
    1722.,    1426.,    1420.,     495.
    1723.,    1336.,    1427.,     496.
    1724.,    1427.,    1422.,     496.
    1725.,    1364.,    1428.,     497.
    1726.,    1371.,    1429.,     498.
    1727.,    1356.,    1430.,     499.
    1728.,    1377.,    1431.,     500.
    1729.,    1360.,    1431.,     501.
    1730.,    1368.,    1428.,     502.
    1731.,    1352.,    1429.,     503.
    1732.,    1374.,    1430.,     504.
    1733.,    1304.,    1432.,     505.
    1734.,    1432.,    1433.,     505.
    1735.,    1433.,    1308.,     505.
    1736.,    1308.,    1434.,     506.
    1737.,    1434.,    1435.,     506.
    1738.,    1435.,    1312.,     506.
    1739.,    1312.,    1436.,     507.
    1740.,    1436.,    1437.,     507.
    1741.,    1437.,    1316.,     507.
    1742.,    1316.,    1438.,     508.
    1743.,    1438.,    1439.,     508.
    1744.,    1439.,    1304.,     508.
    1745.,    1384.,    1440.,     509.
    1746.,    1440.,    1312.,     509.
    1747.,    1384.,    1441.,     510.
    1748.,    1441.,    1225.,     510.
    1749.,    1386.,    1442.,     511.
    1750.,    1442.,    1316.,     511.
    1751.,    1386.,    1443.,     512.
    1752.,    1443.,    1235.,     512.
    1753.,    1380.,    1444.,     513.
    1754.,    1444.,    1304.,     513.
    1755.,    1380.,    1445.,     514.
    1756.,    1445.,    1230.,     514.
    1757.,    1382.,    1446.,     515.
    1758.,    1446.,    1240.,     515.
    1759.,    1382.,    1447.,     516.
    1760.,    1447.,    1308.,     516.
    1761.,    1320.,    1448.,     517.
    1762.,    1448.,    1449.,     517.
    1763.,    1449.,    1324.,     517.
    1764.,    1324.,    1450.,     518.
    1765.,    1450.,    1451.,     518.
    1766.,    1451.,    1328.,     518.
    1767.,    1328.,    1452.,     519.
    1768.,    1452.,    1453.,     519.
    1769.,    1453.,    1332.,     519.
    1770.,    1332.,    1454.,     520.
    1771.,    1454.,    1455.,     520.
    1772.,    1455.,    1320.,     520.
    1773.,    1398.,    1456.,     521.
    1774.,    1456.,    1324.,     521.
    1775.,    1398.,    1457.,     522.
    1776.,    1457.,    1308.,     522.
    1777.,    1392.,    1458.,     523.
    1778.,    1458.,    1328.,     523.
    1779.,    1392.,    1459.,     524.
    1780.,    1459.,    1312.,     524.
    1781.,    1394.,    1460.,     525.
    1782.,    1460.,    1332.,     525.
    1783.,    1394.,    1461.,     526.
    1784.,    1461.,    1316.,     526.
    1785.,    1396.,    1462.,     527.
    1786.,    1462.,    1320.,     527.
    1787.,    1396.,    1463.,     528.
    1788.,    1463.,    1304.,     528.
    1789.,    1404.,    1464.,     529.
    1790.,    1464.,    1340.,     529.
    1791.,    1404.,    1465.,     530.
    1792.,    1465.,    1324.,     530.
    1793.,    1406.,    1466.,     531.
    1794.,    1466.,    1348.,     531.
    1795.,    1406.,    1467.,     532.
    1796.,    1467.,    1328.,     532.
    1797.,    1408.,    1468.,     533.
    1798.,    1468.,    1344.,     533.
    1799.,    1408.,    1469.,     534.
    1800.,    1469.,    1332.,     534.
    1801.,    1410.,    1470.,     535.
    1802.,    1470.,    1336.,     535.
    1803.,    1410.,    1471.,     536.
    1804.,    1471.,    1320.,     536.
    1805.,    1356.,    1472.,     537.
    1806.,    1472.,    1473.,     537.
    1807.,    1473.,    1360.,     537.
    1808.,    1360.,    1474.,     538.
    1809.,    1474.,    1475.,     538.
    1810.,    1475.,    1364.,     538.
    1811.,    1364.,    1476.,     539.
    1812.,    1476.,    1477.,     539.
    1813.,    1477.,    1352.,     539.
    1814.,    1352.,    1478.,     540.
    1815.,    1478.,    1479.,     540.
    1816.,    1479.,    1356.,     540.
    1817.,    1420.,    1480.,     541.
    1818.,    1480.,    1360.,     541.
    1819.,    1420.,    1481.,     542.
    1820.,    1481.,    1336.,     542.
    1821.,    1422.,    1482.,     543.
    1822.,    1482.,    1364.,     543.
    1823.,    1422.,    1483.,     544.
    1824.,    1483.,    1340.,     544.
    1825.,    1416.,    1484.,     545.
    1826.,    1484.,    1352.,     545.
    1827.,    1416.,    1485.,     546.
    1828.,    1485.,    1348.,     546.
    1829.,    1418.,    1486.,     547.
    1830.,    1486.,    1356.,     547.
    1831.,    1418.,    1487.,     548.
    1832.,    1487.,    1344.,     548.
    1833.,    1374.,    1488.,     549.
    1834.,    1488.,    1489.,     549.
    1835.,    1489.,    1377.,     549.
    1836.,    1377.,    1490.,     550.
    1837.,    1490.,    1491.,     550.
    1838.,    1491.,    1368.,     550.
    1839.,    1368.,    1492.,     551.
    1840.,    1492.,    1493.,     551.
    1841.,    1493.,    1371.,     551.
    1842.,    1371.,    1494.,     552.
    1843.,    1494.,    1495.,     552.
    1844.,    1495.,    1374.,     552.
    1845.,    1430.,    1377.,     553.
    1846.,    1430.,    1360.,     554.
    1847.,    1431.,    1368.,     555.
    1848.,    1431.,    1364.,     556.
    1849.,    1428.,    1371.,     557.
    1850.,    1428.,    1352.,     558.
    1851.,    1429.,    1374.,     559.
    1852.,    1429.,    1356.,     560.
    1853.,     933.,    1496.,     561.
    1854.,    1496.,     811.,     561.
    1855.,     931.,    1497.,     562.
    1856.,    1497.,     807.,     562.
    1857.,     937.,    1498.,     563.
    1858.,    1498.,     803.,     563.
    1859.,     935.,    1499.,     564.
    1860.,    1499.,     815.,     564.
    1861.,    1500.,    1501.,     565.
    1862.,    1500.,    1502.,     566.
    1863.,    1308.,    1504.,     567.
    1864.,    1504.,    1505.,     567.
    1865.,    1505.,    1503.,     567.
    1866.,    1312.,    1507.,     568.
    1867.,    1507.,    1508.,     568.
    1868.,    1508.,    1506.,     568.
    1869.,    1501.,    1509.,     569.
    1870.,    1502.,    1510.,     570.
    1871.,    1324.,    1512.,     571.
    1872.,    1512.,    1513.,     571.
    1873.,    1513.,    1514.,     571.
    1874.,    1514.,    1515.,     571.
    1875.,    1515.,    1511.,     571.
    1876.,    1509.,    1510.,     572.
    1877.,    1510.,    1516.,     573.
    1878.,    1517.,    1518.,     574.
    1879.,    1511.,    1520.,     575.
    1880.,    1520.,    1519.,     575.
    1881.,    1511.,    1521.,     576.
    1882.,    1521.,    1517.,     576.
    1883.,    1522.,    1523.,     577.
    1884.,    1523.,    1519.,     577.
    1885.,    1517.,    1525.,     578.
    1886.,    1525.,    1524.,     578.
    1887.,    1522.,    1527.,     579.
    1888.,    1527.,    1526.,     579.
    1889.,    1503.,    1528.,     580.
    1890.,    1528.,    1506.,     580.
    1891.,    1524.,    1529.,     581.
    1892.,    1529.,    1526.,     581.
    1893.,    1530.,    1524.,     582.
    1894.,    1526.,    1531.,     583.
    1895.,    1532.,    1533.,     584.
    1896.,    1534.,    1532.,     585.
    1897.,    1533.,    1535.,     586.
    1898.,    1524.,    1536.,     587.
    1899.,    1536.,    1532.,     587.
    1900.,    1532.,    1537.,     588.
    1901.,    1506.,    1538.,     589.
    1902.,    1538.,    1539.,     589.
    1903.,    1539.,    1522.,     589.
    1904.,    1526.,    1540.,     590.
    1905.,    1540.,    1533.,     590.
    1906.,    1533.,    1541.,     591.
    1907.,    1503.,    1542.,     592.
    1908.,    1542.,    1543.,     592.
    1909.,    1543.,    1517.,     592.
    1910.,    1308.,    1545.,     593.
    1911.,    1545.,    1544.,     593.
    1912.,    1506.,    1546.,     594.
    1913.,    1546.,    1518.,     594.
    1914.,    1518.,    1547.,     595.
    1915.,    1547.,    1503.,     595.
    1916.,    1503.,    1544.,     596.
    1917.,    1544.,    1506.,     597.
    1918.,    1544.,    1548.,     598.
    1919.,    1548.,    1312.,     598.
    1920.,    1518.,    1522.,     599.
    1921.,    1517.,    1549.,     600.
    1922.,    1524.,    1549.,     601.
    1923.,    1549.,    1526.,     602.
    1924.,    1549.,    1522.,     603.
    1925.,    1526.,    1550.,     604.
    1926.,    1524.,    1550.,     605.
    1927.,    1550.,    1533.,     606.
    1928.,    1550.,    1532.,     607.
    1929.,    1537.,    1541.,     608.
    1930.,    1537.,    1501.,     609.
    1931.,    1541.,    1502.,     610.
    1932.,    1532.,    1551.,     611.
    1933.,    1537.,    1551.,     612.
    1934.,    1551.,    1541.,     613.
    1935.,    1551.,    1533.,     614.
    1936.,    1537.,    1500.,     615.
    1937.,    1500.,    1541.,     616.
    1938.,    1308.,    1553.,     617.
    1939.,    1553.,    1552.,     617.
    1940.,    1517.,    1554.,     618.
    1941.,    1554.,    1530.,     618.
    1942.,    1530.,    1555.,     619.
    1943.,    1555.,    1532.,     619.
    1944.,    1516.,    1541.,     620.
    1945.,    1556.,    1537.,     621.
    1946.,    1534.,    1537.,     622.
    1947.,    1556.,    1501.,     623.
    1948.,    1517.,    1557.,     624.
    1949.,    1557.,    1552.,     624.
    1950.,    1552.,    1503.,     625.
    1951.,    1312.,    1559.,     626.
    1952.,    1559.,    1558.,     626.
    1953.,    1522.,    1560.,     627.
    1954.,    1560.,    1531.,     627.
    1955.,    1531.,    1561.,     628.
    1956.,    1561.,    1533.,     628.
    1957.,    1535.,    1541.,     629.
    1958.,    1516.,    1502.,     630.
    1959.,    1519.,    1562.,     631.
    1960.,    1511.,    1562.,     632.
    1961.,    1531.,    1563.,     633.
    1962.,    1530.,    1563.,     634.
    1963.,    1535.,    1564.,     635.
    1964.,    1534.,    1564.,     636.
    1965.,    1562.,    1531.,     637.
    1966.,    1562.,    1530.,     638.
    1967.,    1563.,    1535.,     639.
    1968.,    1563.,    1534.,     640.
    1969.,    1564.,    1510.,     641.
    1970.,    1564.,    1509.,     642.
    1971.,    1522.,    1565.,     643.
    1972.,    1565.,    1558.,     643.
    1973.,    1558.,    1506.,     644.
    1974.,    1558.,    1566.,     645.
    1975.,    1566.,    1519.,     645.
    1976.,    1552.,    1567.,     646.
    1977.,    1567.,    1511.,     646.
    1978.,    1568.,    1569.,     647.
    1979.,    1568.,    1570.,     648.
    1980.,    1316.,    1572.,     649.
    1981.,    1572.,    1573.,     649.
    1982.,    1573.,    1571.,     649.
    1983.,    1571.,    1575.,     650.
    1984.,    1575.,    1576.,     650.
    1985.,    1576.,    1574.,     650.
    1986.,    1574.,    1578.,     651.
    1987.,    1578.,    1577.,     651.
    1988.,    1577.,    1580.,     652.
    1989.,    1580.,    1579.,     652.
    1990.,    1579.,    1581.,     653.
    1991.,    1581.,    1569.,     654.
    1992.,    1304.,    1583.,     655.
    1993.,    1583.,    1584.,     655.
    1994.,    1584.,    1582.,     655.
    1995.,    1582.,    1586.,     656.
    1996.,    1586.,    1587.,     656.
    1997.,    1587.,    1585.,     656.
    1998.,    1585.,    1589.,     657.
    1999.,    1589.,    1588.,     657.
    2000.,    1588.,    1591.,     658.
    2001.,    1591.,    1590.,     658.
    2002.,    1590.,    1592.,     659.
    2003.,    1592.,    1570.,     660.
    2004.,    1569.,    1593.,     661.
    2005.,    1570.,    1594.,     662.
    2006.,    1332.,    1596.,     663.
    2007.,    1596.,    1597.,     663.
    2008.,    1597.,    1598.,     663.
    2009.,    1598.,    1599.,     663.
    2010.,    1599.,    1595.,     663.
    2011.,    1593.,    1594.,     664.
    2012.,    1594.,    1600.,     665.
    2013.,    1574.,    1601.,     666.
    2014.,    1601.,    1585.,     667.
    2015.,    1595.,    1603.,     668.
    2016.,    1603.,    1602.,     668.
    2017.,    1595.,    1604.,     669.
    2018.,    1604.,    1574.,     669.
    2019.,    1585.,    1605.,     670.
    2020.,    1605.,    1602.,     670.
    2021.,    1571.,    1606.,     671.
    2022.,    1606.,    1582.,     671.
    2023.,    1577.,    1607.,     672.
    2024.,    1607.,    1588.,     672.
    2025.,    1608.,    1577.,     673.
    2026.,    1588.,    1609.,     674.
    2027.,    1579.,    1590.,     675.
    2028.,    1610.,    1579.,     676.
    2029.,    1590.,    1611.,     677.
    2030.,    1316.,    1613.,     678.
    2031.,    1613.,    1612.,     678.
    2032.,    1612.,    1582.,     679.
    2033.,    1582.,    1614.,     680.
    2034.,    1614.,    1601.,     680.
    2035.,    1601.,    1615.,     681.
    2036.,    1615.,    1571.,     681.
    2037.,    1571.,    1612.,     682.
    2038.,    1612.,    1616.,     683.
    2039.,    1616.,    1304.,     683.
    2040.,    1574.,    1617.,     684.
    2041.,    1617.,    1588.,     685.
    2042.,    1577.,    1617.,     686.
    2043.,    1617.,    1585.,     687.
    2044.,    1588.,    1618.,     688.
    2045.,    1618.,    1579.,     689.
    2046.,    1577.,    1618.,     690.
    2047.,    1618.,    1590.,     691.
    2048.,    1581.,    1592.,     692.
    2049.,    1579.,    1619.,     693.
    2050.,    1619.,    1592.,     694.
    2051.,    1581.,    1619.,     695.
    2052.,    1619.,    1590.,     696.
    2053.,    1581.,    1568.,     697.
    2054.,    1568.,    1592.,     698.
    2055.,    1316.,    1621.,     699.
    2056.,    1621.,    1620.,     699.
    2057.,    1620.,    1622.,     700.
    2058.,    1622.,    1595.,     700.
    2059.,    1574.,    1623.,     701.
    2060.,    1623.,    1608.,     701.
    2061.,    1608.,    1624.,     702.
    2062.,    1624.,    1579.,     702.
    2063.,    1600.,    1592.,     703.
    2064.,    1625.,    1581.,     704.
    2065.,    1610.,    1581.,     705.
    2066.,    1625.,    1569.,     706.
    2067.,    1574.,    1626.,     707.
    2068.,    1626.,    1620.,     707.
    2069.,    1620.,    1571.,     708.
    2070.,    1304.,    1628.,     709.
    2071.,    1628.,    1627.,     709.
    2072.,    1627.,    1629.,     710.
    2073.,    1629.,    1602.,     710.
    2074.,    1585.,    1630.,     711.
    2075.,    1630.,    1609.,     711.
    2076.,    1609.,    1631.,     712.
    2077.,    1631.,    1590.,     712.
    2078.,    1611.,    1592.,     713.
    2079.,    1600.,    1570.,     714.
    2080.,    1602.,    1632.,     715.
    2081.,    1632.,    1608.,     716.
    2082.,    1595.,    1632.,     717.
    2083.,    1632.,    1609.,     718.
    2084.,    1609.,    1633.,     719.
    2085.,    1633.,    1610.,     720.
    2086.,    1608.,    1633.,     721.
    2087.,    1633.,    1611.,     722.
    2088.,    1611.,    1634.,     723.
    2089.,    1634.,    1593.,     724.
    2090.,    1610.,    1634.,     725.
    2091.,    1634.,    1594.,     726.
    2092.,    1585.,    1635.,     727.
    2093.,    1635.,    1627.,     727.
    2094.,    1627.,    1582.,     728.
    2095.,    1636.,    1637.,     729.
    2096.,    1636.,    1638.,     730.
    2097.,    1637.,    1639.,     731.
    2098.,    1638.,    1640.,     732.
    2099.,    1639.,    1640.,     733.
    2100.,    1364.,    1642.,     734.
    2101.,    1642.,    1641.,     734.
    2102.,    1638.,    1643.,     735.
    2103.,    1371.,    1645.,     736.
    2104.,    1645.,    1646.,     736.
    2105.,    1646.,    1644.,     736.
    2106.,    1639.,    1648.,     737.
    2107.,    1648.,    1647.,     737.
    2108.,    1649.,    1651.,     738.
    2109.,    1651.,    1650.,     738.
    2110.,    1649.,    1653.,     739.
    2111.,    1653.,    1652.,     739.
    2112.,    1650.,    1655.,     740.
    2113.,    1655.,    1654.,     740.
    2114.,    1641.,    1656.,     741.
    2115.,    1656.,    1654.,     741.
    2116.,    1652.,    1657.,     742.
    2117.,    1641.,    1658.,     743.
    2118.,    1658.,    1649.,     743.
    2119.,    1654.,    1659.,     744.
    2120.,    1659.,    1352.,     744.
    2121.,    1657.,    1660.,     745.
    2122.,    1660.,    1650.,     745.
    2123.,    1652.,    1661.,     746.
    2124.,    1662.,    1663.,     747.
    2125.,    1663.,    1644.,     747.
    2126.,    1662.,    1649.,     748.
    2127.,    1650.,    1644.,     749.
    2128.,    1664.,    1657.,     750.
    2129.,    1647.,    1652.,     751.
    2130.,    1364.,    1665.,     752.
    2131.,    1649.,    1647.,     753.
    2132.,    1647.,    1637.,     754.
    2133.,    1662.,    1666.,     755.
    2134.,    1664.,    1667.,     756.
    2135.,    1640.,    1667.,     757.
    2136.,    1647.,    1666.,     758.
    2137.,    1666.,    1664.,     759.
    2138.,    1666.,    1644.,     760.
    2139.,    1667.,    1647.,     761.
    2140.,    1667.,    1639.,     762.
    2141.,    1665.,    1649.,     763.
    2142.,    1665.,    1641.,     764.
    2143.,    1665.,    1662.,     765.
    2144.,    1352.,    1668.,     766.
    2145.,    1650.,    1664.,     767.
    2146.,    1664.,    1638.,     768.
    2147.,    1650.,    1668.,     769.
    2148.,    1668.,    1654.,     770.
    2149.,    1668.,    1644.,     771.
    2150.,    1352.,    1669.,     772.
    2151.,    1364.,    1669.,     773.
    2152.,    1654.,    1670.,     774.
    2153.,    1641.,    1670.,     775.
    2154.,    1650.,    1671.,     776.
    2155.,    1649.,    1671.,     777.
    2156.,    1669.,    1641.,     778.
    2157.,    1669.,    1654.,     779.
    2158.,    1670.,    1650.,     780.
    2159.,    1670.,    1649.,     781.
    2160.,    1671.,    1657.,     782.
    2161.,    1671.,    1652.,     783.
    2162.,    1643.,    1661.,     784.
    2163.,    1643.,    1657.,     785.
    2164.,    1661.,    1637.,     786.
    2165.,    1657.,    1672.,     787.
    2166.,    1643.,    1672.,     788.
    2167.,    1673.,    1661.,     789.
    2168.,    1674.,    1652.,     790.
    2169.,    1643.,    1636.,     791.
    2170.,    1636.,    1661.,     792.
    2171.,    1675.,    1676.,     793.
    2172.,    1675.,    1677.,     794.
    2173.,    1676.,    1678.,     795.
    2174.,    1677.,    1679.,     796.
    2175.,    1678.,    1679.,     797.
    2176.,    1356.,    1681.,     798.
    2177.,    1681.,    1680.,     798.
    2178.,    1680.,    1683.,     799.
    2179.,    1683.,    1682.,     799.
    2180.,    1682.,    1685.,     800.
    2181.,    1685.,    1684.,     800.
    2182.,    1684.,    1686.,     801.
    2183.,    1686.,    1676.,     802.
    2184.,    1677.,    1687.,     803.
    2185.,    1687.,    1688.,     804.
    2186.,    1688.,    1690.,     805.
    2187.,    1690.,    1689.,     805.
    2188.,    1689.,    1692.,     806.
    2189.,    1692.,    1691.,     806.
    2190.,    1691.,    1693.,     807.
    2191.,    1693.,    1360.,     807.
    2192.,    1377.,    1695.,     808.
    2193.,    1695.,    1696.,     808.
    2194.,    1696.,    1694.,     808.
    2195.,    1678.,    1698.,     809.
    2196.,    1698.,    1697.,     809.
    2197.,    1682.,    1699.,     810.
    2198.,    1699.,    1689.,     810.
    2199.,    1680.,    1700.,     811.
    2200.,    1700.,    1691.,     811.
    2201.,    1684.,    1688.,     812.
    2202.,    1701.,    1702.,     813.
    2203.,    1702.,    1694.,     813.
    2204.,    1701.,    1682.,     814.
    2205.,    1689.,    1694.,     815.
    2206.,    1703.,    1688.,     816.
    2207.,    1697.,    1684.,     817.
    2208.,    1356.,    1704.,     818.
    2209.,    1704.,    1705.,     819.
    2210.,    1682.,    1697.,     820.
    2211.,    1697.,    1676.,     821.
    2212.,    1701.,    1706.,     822.
    2213.,    1706.,    1703.,     823.
    2214.,    1703.,    1707.,     824.
    2215.,    1707.,    1678.,     825.
    2216.,    1679.,    1707.,     826.
    2217.,    1707.,    1697.,     827.
    2218.,    1697.,    1706.,     828.
    2219.,    1706.,    1694.,     829.
    2220.,    1704.,    1682.,     830.
    2221.,    1704.,    1680.,     831.
    2222.,    1360.,    1708.,     832.
    2223.,    1689.,    1703.,     833.
    2224.,    1703.,    1677.,     834.
    2225.,    1689.,    1708.,     835.
    2226.,    1708.,    1691.,     836.
    2227.,    1360.,    1709.,     837.
    2228.,    1709.,    1680.,     838.
    2229.,    1356.,    1709.,     839.
    2230.,    1709.,    1691.,     840.
    2231.,    1691.,    1710.,     841.
    2232.,    1710.,    1682.,     842.
    2233.,    1680.,    1710.,     843.
    2234.,    1710.,    1689.,     844.
    2235.,    1689.,    1711.,     845.
    2236.,    1711.,    1684.,     846.
    2237.,    1682.,    1711.,     847.
    2238.,    1711.,    1688.,     848.
    2239.,    1687.,    1686.,     849.
    2240.,    1688.,    1712.,     850.
    2241.,    1713.,    1686.,     851.
    2242.,    1687.,    1712.,     852.
    2243.,    1714.,    1684.,     853.
    2244.,    1687.,    1675.,     854.
    2245.,    1675.,    1686.,     855.
    2246.,    1704.,    1701.,     856.
    2247.,    1708.,    1694.,     857.
    2248.,    1715.,    1717.,     858.
    2249.,    1717.,    1716.,     858.
    2250.,    1718.,    1720.,     859.
    2251.,    1720.,    1719.,     859.
    2252.,    1715.,    1718.,     860.
    2253.,    1694.,    1721.,     861.
    2254.,    1721.,    1718.,     861.
    2255.,    1701.,    1722.,     862.
    2256.,    1722.,    1715.,     862.
    2257.,    1716.,    1723.,     863.
    2258.,    1719.,    1724.,     864.
    2259.,    1723.,    1724.,     865.
    2260.,    1725.,    1727.,     866.
    2261.,    1727.,    1726.,     866.
    2262.,    1728.,    1730.,     867.
    2263.,    1730.,    1729.,     867.
    2264.,    1374.,    1731.,     868.
    2265.,    1731.,    1725.,     868.
    2266.,    1729.,    1732.,     869.
    2267.,    1732.,    1377.,     869.
    2268.,    1726.,    1728.,     870.
    2269.,    1726.,    1716.,     871.
    2270.,    1728.,    1719.,     872.
    2271.,    1726.,    1733.,     873.
    2272.,    1733.,    1723.,     873.
    2273.,    1728.,    1734.,     874.
    2274.,    1734.,    1724.,     874.
    2275.,    1715.,    1726.,     875.
    2276.,    1718.,    1728.,     876.
    2277.,    1729.,    1694.,     877.
    2278.,    1701.,    1725.,     878.
    2279.,    1715.,    1735.,     879.
    2280.,    1735.,    1725.,     879.
    2281.,    1718.,    1736.,     880.
    2282.,    1736.,    1729.,     880.
    2283.,    1729.,    1738.,     881.
    2284.,    1738.,    1737.,     881.
    2285.,    1726.,    1739.,     882.
    2286.,    1723.,    1739.,     883.
    2287.,    1728.,    1737.,     884.
    2288.,    1701.,    1741.,     885.
    2289.,    1741.,    1740.,     885.
    2290.,    1718.,    1742.,     886.
    2291.,    1716.,    1719.,     887.
    2292.,    1719.,    1742.,     888.
    2293.,    1715.,    1740.,     889.
    2294.,    1739.,    1724.,     890.
    2295.,    1739.,    1728.,     891.
    2296.,    1737.,    1743.,     892.
    2297.,    1743.,    1725.,     892.
    2298.,    1737.,    1726.,     893.
    2299.,    1740.,    1718.,     894.
    2300.,    1740.,    1744.,     895.
    2301.,    1744.,    1694.,     895.
    2302.,    1742.,    1716.,     896.
    2303.,    1742.,    1715.,     897.
    2304.,    1745.,    1747.,     898.
    2305.,    1747.,    1746.,     898.
    2306.,    1748.,    1750.,     899.
    2307.,    1750.,    1749.,     899.
    2308.,    1745.,    1748.,     900.
    2309.,    1644.,    1751.,     901.
    2310.,    1751.,    1748.,     901.
    2311.,    1662.,    1752.,     902.
    2312.,    1752.,    1745.,     902.
    2313.,    1746.,    1753.,     903.
    2314.,    1749.,    1754.,     904.
    2315.,    1753.,    1754.,     905.
    2316.,    1755.,    1757.,     906.
    2317.,    1757.,    1756.,     906.
    2318.,    1758.,    1760.,     907.
    2319.,    1760.,    1759.,     907.
    2320.,    1368.,    1761.,     908.
    2321.,    1761.,    1755.,     908.
    2322.,    1759.,    1762.,     909.
    2323.,    1762.,    1371.,     909.
    2324.,    1756.,    1758.,     910.
    2325.,    1756.,    1746.,     911.
    2326.,    1758.,    1749.,     912.
    2327.,    1756.,    1763.,     913.
    2328.,    1763.,    1753.,     913.
    2329.,    1758.,    1764.,     914.
    2330.,    1764.,    1754.,     914.
    2331.,    1745.,    1756.,     915.
    2332.,    1748.,    1758.,     916.
    2333.,    1759.,    1644.,     917.
    2334.,    1662.,    1755.,     918.
    2335.,    1745.,    1765.,     919.
    2336.,    1765.,    1755.,     919.
    2337.,    1748.,    1766.,     920.
    2338.,    1766.,    1759.,     920.
    2339.,    1759.,    1768.,     921.
    2340.,    1768.,    1767.,     921.
    2341.,    1767.,    1756.,     922.
    2342.,    1756.,    1769.,     923.
    2343.,    1769.,    1754.,     924.
    2344.,    1753.,    1769.,     925.
    2345.,    1769.,    1758.,     926.
    2346.,    1758.,    1767.,     927.
    2347.,    1767.,    1770.,     928.
    2348.,    1770.,    1755.,     928.
    2349.,    1662.,    1772.,     929.
    2350.,    1772.,    1771.,     929.
    2351.,    1771.,    1748.,     930.
    2352.,    1748.,    1773.,     931.
    2353.,    1773.,    1746.,     932.
    2354.,    1746.,    1749.,     933.
    2355.,    1749.,    1773.,     934.
    2356.,    1773.,    1745.,     935.
    2357.,    1745.,    1771.,     936.
    2358.,    1771.,    1774.,     937.
    2359.,    1774.,    1644.,     937.
    2360.,    1511.,    1775.,     938.
    2361.,    1775.,    1530.,     938.
    2362.,    1530.,    1776.,     939.
    2363.,    1776.,    1534.,     939.
    2364.,    1556.,    1509.,     940.
    2365.,    1534.,    1556.,     941.
    2366.,    1516.,    1535.,     942.
    2367.,    1535.,    1777.,     943.
    2368.,    1777.,    1531.,     943.
    2369.,    1531.,    1778.,     944.
    2370.,    1778.,    1519.,     944.
    2371.,    1519.,    1779.,     945.
    2372.,    1779.,    1780.,     945.
    2373.,    1780.,    1781.,     945.
    2374.,    1781.,    1782.,     945.
    2375.,    1782.,    1328.,     945.
    2376.,    1595.,    1783.,     946.
    2377.,    1783.,    1608.,     946.
    2378.,    1608.,    1784.,     947.
    2379.,    1784.,    1610.,     947.
    2380.,    1610.,    1625.,     948.
    2381.,    1625.,    1593.,     949.
    2382.,    1600.,    1611.,     950.
    2383.,    1611.,    1785.,     951.
    2384.,    1785.,    1609.,     951.
    2385.,    1609.,    1786.,     952.
    2386.,    1786.,    1602.,     952.
    2387.,    1602.,    1787.,     953.
    2388.,    1787.,    1788.,     953.
    2389.,    1788.,    1789.,     953.
    2390.,    1789.,    1790.,     953.
    2391.,    1790.,    1320.,     953.
    2392.,    1701.,    1791.,     954.
    2393.,    1791.,    1792.,     954.
    2394.,    1792.,    1374.,     954.
    2395.,    1697.,    1793.,     955.
    2396.,    1793.,    1701.,     955.
    2397.,    1694.,    1794.,     956.
    2398.,    1794.,    1703.,     956.
    2399.,    1644.,    1795.,     957.
    2400.,    1795.,    1664.,     957.
    2401.,    1664.,    1796.,     958.
    2402.,    1796.,    1640.,     958.
    2403.,    1662.,    1797.,     959.
    2404.,    1797.,    1798.,     959.
    2405.,    1798.,    1368.,     959.
    2406.,    1647.,    1799.,     960.
    2407.,    1799.,    1662.,     960.
    2408.,    1703.,    1800.,     961.
    2409.,    1800.,    1679.,     961.
