 TIME,UX,UY
  0.10,          1.243,        -15.982
  0.20,          1.245,        -15.982
  0.30,          1.247,        -15.981
  0.40,          1.248,        -15.981
  0.50,          1.250,        -15.981
  0.60,          1.252,        -15.981
  0.70,          1.253,        -15.981
  0.80,          1.255,        -15.981
  0.90,          1.257,        -15.981
  1.00,          1.258,        -15.981
  1.10,          1.260,        -15.980
  1.20,          1.262,        -15.980
  1.30,          1.264,        -15.980
  1.40,          1.265,        -15.980
  1.50,          1.267,        -15.980
  1.60,          1.269,        -15.980
  1.70,          1.270,        -15.980
  1.80,          1.272,        -15.979
  1.90,          1.274,        -15.979
  2.00,          1.276,        -15.979
  2.10,          1.277,        -15.979
  2.20,          1.279,        -15.979
  2.30,          1.281,        -15.979
  2.40,          1.283,        -15.979
  2.50,          1.284,        -15.978
  2.60,          1.286,        -15.978
  2.70,          1.288,        -15.978
  2.80,          1.290,        -15.978
  2.90,          1.291,        -15.978
  3.00,          1.293,        -15.978
  3.10,          1.295,        -15.978
  3.20,          1.297,        -15.977
  3.30,          1.299,        -15.977
  3.40,          1.300,        -15.977
  3.50,          1.302,        -15.977
  3.60,          1.304,        -15.977
  3.70,          1.306,        -15.977
  3.80,          1.308,        -15.977
  3.90,          1.310,        -15.976
  4.00,          1.311,        -15.976
  4.10,          1.313,        -15.976
  4.20,          1.315,        -15.976
  4.30,          1.317,        -15.976
  4.40,          1.319,        -15.976
  4.50,          1.321,        -15.976
  4.60,          1.323,        -15.975
  4.70,          1.324,        -15.975
  4.80,          1.326,        -15.975
  4.90,          1.328,        -15.975
  5.00,          1.330,        -15.975
  5.10,          1.332,        -15.975
  5.20,          1.334,        -15.974
  5.30,          1.336,        -15.974
  5.40,          1.338,        -15.974
  5.50,          1.340,        -15.974
  5.60,          1.341,        -15.974
  5.70,          1.343,        -15.974
  5.80,          1.345,        -15.973
  5.90,          1.347,        -15.973
  6.00,          1.349,        -15.973
  6.10,          1.351,        -15.973
  6.20,          1.353,        -15.973
  6.30,          1.355,        -15.973
  6.40,          1.357,        -15.972
  6.50,          1.359,        -15.972
  6.60,          1.361,        -15.972
  6.70,          1.363,        -15.972
  6.80,          1.365,        -15.972
  6.90,          1.367,        -15.972
  7.00,          1.369,        -15.971
  7.10,          1.371,        -15.971
  7.20,          1.373,        -15.971
  7.30,          1.375,        -15.971
  7.40,          1.377,        -15.971
  7.50,          1.379,        -15.971
  7.60,          1.381,        -15.970
  7.70,          1.383,        -15.970
  7.80,          1.385,        -15.970
  7.90,          1.387,        -15.970
  8.00,          1.389,        -15.970
  8.10,          1.391,        -15.970
  8.20,          1.393,        -15.969
  8.30,          1.396,        -15.969
  8.40,          1.398,        -15.969
  8.50,          1.400,        -15.969
  8.60,          1.402,        -15.969
  8.70,          1.404,        -15.968
  8.80,          1.406,        -15.968
  8.90,          1.408,        -15.968
  9.00,          1.410,        -15.968
  9.10,          1.412,        -15.968
  9.20,          1.415,        -15.967
  9.30,          1.417,        -15.967
  9.40,          1.419,        -15.967
  9.50,          1.421,        -15.967
  9.60,          1.423,        -15.967
  9.70,          1.425,        -15.967
  9.80,          1.427,        -15.966
  9.90,          1.430,        -15.966
 10.00,          1.432,        -15.966
 10.10,          1.434,        -15.966
 10.20,          1.436,        -15.966
 10.30,          1.438,        -15.965
 10.40,          1.441,        -15.965
 10.50,          1.443,        -15.965
 10.60,          1.445,        -15.965
 10.70,          1.447,        -15.965
 10.80,          1.450,        -15.964
 10.90,          1.452,        -15.964
 11.00,          1.454,        -15.964
 11.10,          1.456,        -15.964
 11.20,          1.459,        -15.963
 11.30,          1.461,        -15.963
 11.40,          1.463,        -15.963
 11.50,          1.465,        -15.963
 11.60,          1.468,        -15.963
 11.70,          1.470,        -15.962
 11.80,          1.472,        -15.962
 11.90,          1.475,        -15.962
 12.00,          1.477,        -15.962
 12.10,          1.479,        -15.962
 12.20,          1.482,        -15.961
 12.30,          1.484,        -15.961
 12.40,          1.486,        -15.961
 12.50,          1.489,        -15.961
 12.60,          1.491,        -15.960
 12.70,          1.494,        -15.960
 12.80,          1.496,        -15.960
 12.90,          1.498,        -15.960
 13.00,          1.501,        -15.960
 13.10,          1.503,        -15.959
 13.20,          1.506,        -15.959
 13.30,          1.508,        -15.959
 13.40,          1.510,        -15.959
 13.50,          1.513,        -15.958
 13.60,          1.515,        -15.958
 13.70,          1.518,        -15.958
 13.80,          1.520,        -15.958
 13.90,          1.523,        -15.958
 14.00,          1.525,        -15.957
 14.10,          1.528,        -15.957
 14.20,          1.530,        -15.957
 14.30,          1.533,        -15.957
 14.40,          1.535,        -15.956
 14.50,          1.538,        -15.956
 14.60,          1.540,        -15.956
 14.70,          1.543,        -15.956
 14.80,          1.545,        -15.955
 14.90,          1.548,        -15.955
 15.00,          1.550,        -15.955
 15.10,          1.553,        -15.955
 15.20,          1.556,        -15.954
 15.30,          1.558,        -15.954
 15.40,          1.561,        -15.954
 15.50,          1.563,        -15.954
 15.60,          1.566,        -15.953
 15.70,          1.569,        -15.953
 15.80,          1.571,        -15.953
 15.90,          1.574,        -15.953
 16.00,          1.577,        -15.952
 16.10,          1.579,        -15.952
 16.20,          1.582,        -15.952
 16.30,          1.585,        -15.951
 16.40,          1.587,        -15.951
 16.50,          1.590,        -15.951
 16.60,          1.593,        -15.951
 16.70,          1.595,        -15.950
 16.80,          1.598,        -15.950
 16.90,          1.601,        -15.950
 17.00,          1.604,        -15.950
 17.10,          1.606,        -15.949
 17.20,          1.609,        -15.949
 17.30,          1.612,        -15.949
 17.40,          1.615,        -15.948
 17.50,          1.617,        -15.948
 17.60,          1.620,        -15.948
 17.70,          1.623,        -15.948
 17.80,          1.626,        -15.947
 17.90,          1.629,        -15.947
 18.00,          1.632,        -15.947
 18.10,          1.634,        -15.946
 18.20,          1.637,        -15.946
 18.30,          1.640,        -15.946
 18.40,          1.643,        -15.946
 18.50,          1.646,        -15.945
 18.60,          1.649,        -15.945
 18.70,          1.652,        -15.945
 18.80,          1.655,        -15.944
 18.90,          1.657,        -15.944
 19.00,          1.660,        -15.944
 19.10,          1.663,        -15.943
 19.20,          1.666,        -15.943
 19.30,          1.669,        -15.943
 19.40,          1.672,        -15.943
 19.50,          1.675,        -15.942
 19.60,          1.678,        -15.942
 19.70,          1.681,        -15.942
 19.80,          1.684,        -15.941
 19.90,          1.687,        -15.941
 20.00,          1.690,        -15.941
 20.10,          1.693,        -15.940
 20.20,          1.697,        -15.940
 20.30,          1.700,        -15.940
 20.40,          1.703,        -15.939
 20.50,          1.706,        -15.939
 20.60,          1.709,        -15.939
 20.70,          1.712,        -15.938
 20.80,          1.715,        -15.938
 20.90,          1.718,        -15.938
 21.00,          1.721,        -15.937
 21.10,          1.725,        -15.937
 21.20,          1.728,        -15.937
 21.30,          1.731,        -15.936
 21.40,          1.734,        -15.936
 21.50,          1.737,        -15.936
 21.60,          1.741,        -15.935
 21.70,          1.744,        -15.935
 21.80,          1.747,        -15.935
 21.90,          1.750,        -15.934
 22.00,          1.754,        -15.934
 22.10,          1.757,        -15.933
 22.20,          1.760,        -15.933
 22.30,          1.764,        -15.933
 22.40,          1.767,        -15.932
 22.50,          1.770,        -15.932
 22.60,          1.774,        -15.932
 22.70,          1.777,        -15.931
 22.80,          1.780,        -15.931
 22.90,          1.784,        -15.930
 23.00,          1.787,        -15.930
 23.10,          1.790,        -15.930
 23.20,          1.794,        -15.929
 23.30,          1.797,        -15.929
 23.40,          1.801,        -15.929
 23.50,          1.804,        -15.928
 23.60,          1.808,        -15.928
 23.70,          1.811,        -15.927
 23.80,          1.815,        -15.927
 23.90,          1.818,        -15.927
 24.00,          1.822,        -15.926
 24.10,          1.825,        -15.926
 24.20,          1.829,        -15.925
 24.30,          1.832,        -15.925
 24.40,          1.836,        -15.925
 24.50,          1.840,        -15.924
 24.60,          1.843,        -15.924
 24.70,          1.847,        -15.923
 24.80,          1.851,        -15.923
 24.90,          1.854,        -15.922
 25.00,          1.858,        -15.922
 25.10,          1.862,        -15.922
 25.20,          1.865,        -15.921
 25.30,          1.869,        -15.921
 25.40,          1.873,        -15.920
 25.50,          1.876,        -15.920
 25.60,          1.880,        -15.919
 25.70,          1.884,        -15.919
 25.80,          1.888,        -15.918
 25.90,          1.892,        -15.918
 26.00,          1.895,        -15.918
 26.10,          1.899,        -15.917
 26.20,          1.903,        -15.917
 26.30,          1.907,        -15.916
 26.40,          1.911,        -15.916
 26.50,          1.915,        -15.915
 26.60,          1.919,        -15.915
 26.70,          1.923,        -15.914
 26.80,          1.927,        -15.914
 26.90,          1.931,        -15.913
 27.00,          1.934,        -15.913
 27.10,          1.938,        -15.912
 27.20,          1.943,        -15.912
 27.30,          1.947,        -15.911
 27.40,          1.951,        -15.911
 27.50,          1.955,        -15.910
 27.60,          1.959,        -15.910
 27.70,          1.963,        -15.909
 27.80,          1.967,        -15.909
 27.90,          1.971,        -15.908
 28.00,          1.975,        -15.908
 28.10,          1.979,        -15.907
 28.20,          1.984,        -15.907
 28.30,          1.988,        -15.906
 28.40,          1.992,        -15.906
 28.50,          1.996,        -15.905
 28.60,          2.000,        -15.905
 28.70,          2.005,        -15.904
 28.80,          2.009,        -15.904
 28.90,          2.013,        -15.903
 29.00,          2.018,        -15.903
 29.10,          2.022,        -15.902
 29.20,          2.026,        -15.901
 29.30,          2.031,        -15.901
 29.40,          2.035,        -15.900
 29.50,          2.040,        -15.900
 29.60,          2.044,        -15.899
 29.70,          2.048,        -15.899
 29.80,          2.053,        -15.898
 29.90,          2.057,        -15.897
 30.00,          2.062,        -15.897
 30.10,          2.066,        -15.896
 30.20,          2.071,        -15.896
 30.30,          2.076,        -15.895
 30.40,          2.080,        -15.894
 30.50,          2.085,        -15.894
 30.60,          2.089,        -15.893
 30.70,          2.094,        -15.893
 30.80,          2.099,        -15.892
 30.90,          2.103,        -15.891
 31.00,          2.108,        -15.891
 31.10,          2.113,        -15.890
 31.20,          2.118,        -15.890
 31.30,          2.122,        -15.889
 31.40,          2.127,        -15.888
 31.50,          2.132,        -15.888
 31.60,          2.137,        -15.887
 31.70,          2.142,        -15.886
 31.80,          2.147,        -15.886
 31.90,          2.152,        -15.885
 32.00,          2.157,        -15.884
 32.10,          2.162,        -15.884
 32.20,          2.166,        -15.883
 32.30,          2.171,        -15.882
 32.40,          2.177,        -15.882
 32.50,          2.182,        -15.881
 32.60,          2.187,        -15.880
 32.70,          2.192,        -15.879
 32.80,          2.197,        -15.879
 32.90,          2.202,        -15.878
 33.00,          2.207,        -15.877
 33.10,          2.212,        -15.877
 33.20,          2.218,        -15.876
 33.30,          2.223,        -15.875
 33.40,          2.228,        -15.874
 33.50,          2.233,        -15.874
 33.60,          2.239,        -15.873
 33.70,          2.244,        -15.872
 33.80,          2.249,        -15.871
 33.90,          2.255,        -15.871
 34.00,          2.260,        -15.870
 34.10,          2.266,        -15.869
 34.20,          2.271,        -15.868
 34.30,          2.277,        -15.868
 34.40,          2.282,        -15.867
 34.50,          2.288,        -15.866
 34.60,          2.293,        -15.865
 34.70,          2.299,        -15.864
 34.80,          2.304,        -15.863
 34.90,          2.310,        -15.863
 35.00,          2.316,        -15.862
 35.10,          2.321,        -15.861
 35.20,          2.327,        -15.860
 35.30,          2.333,        -15.859
 35.40,          2.339,        -15.858
 35.50,          2.345,        -15.858
 35.60,          2.350,        -15.857
 35.70,          2.356,        -15.856
 35.80,          2.362,        -15.855
 35.90,          2.368,        -15.854
 36.00,          2.374,        -15.853
 36.10,          2.380,        -15.852
 36.20,          2.386,        -15.851
 36.30,          2.392,        -15.850
 36.40,          2.398,        -15.850
 36.50,          2.404,        -15.849
 36.60,          2.411,        -15.848
 36.70,          2.417,        -15.847
 36.80,          2.423,        -15.846
 36.90,          2.429,        -15.845
 37.00,          2.436,        -15.844
 37.10,          2.442,        -15.843
 37.20,          2.448,        -15.842
 37.30,          2.455,        -15.841
 37.40,          2.461,        -15.840
 37.50,          2.467,        -15.839
 37.60,          2.474,        -15.838
 37.70,          2.480,        -15.837
 37.80,          2.487,        -15.836
 37.90,          2.493,        -15.835
 38.00,          2.500,        -15.834
 38.10,          2.507,        -15.833
 38.20,          2.513,        -15.832
 38.30,          2.520,        -15.831
 38.40,          2.527,        -15.830
 38.50,          2.534,        -15.829
 38.60,          2.540,        -15.827
 38.70,          2.547,        -15.826
 38.80,          2.554,        -15.825
 38.90,          2.561,        -15.824
 39.00,          2.568,        -15.823
 39.10,          2.575,        -15.822
 39.20,          2.582,        -15.821
 39.30,          2.589,        -15.820
 39.40,          2.596,        -15.818
 39.50,          2.604,        -15.817
 39.60,          2.611,        -15.816
 39.70,          2.618,        -15.815
 39.80,          2.625,        -15.814
 39.90,          2.633,        -15.812
 40.00,          2.640,        -15.811
 40.10,          2.647,        -15.810
 40.20,          2.655,        -15.809
 40.30,          2.662,        -15.807
 40.40,          2.670,        -15.806
 40.50,          2.677,        -15.805
 40.60,          2.685,        -15.804
 40.70,          2.693,        -15.802
 40.80,          2.700,        -15.801
 40.90,          2.708,        -15.800
 41.00,          2.716,        -15.798
 41.10,          2.724,        -15.797
 41.20,          2.731,        -15.796
 41.30,          2.739,        -15.794
 41.40,          2.747,        -15.793
 41.50,          2.755,        -15.791
 41.60,          2.763,        -15.790
 41.70,          2.771,        -15.789
 41.80,          2.780,        -15.787
 41.90,          2.788,        -15.786
 42.00,          2.796,        -15.784
 42.10,          2.804,        -15.783
 42.20,          2.813,        -15.781
 42.30,          2.821,        -15.780
 42.40,          2.830,        -15.778
 42.50,          2.838,        -15.777
 42.60,          2.847,        -15.775
 42.70,          2.855,        -15.774
 42.80,          2.864,        -15.772
 42.90,          2.872,        -15.771
 43.00,          2.881,        -15.769
 43.10,          2.890,        -15.767
 43.20,          2.899,        -15.766
 43.30,          2.908,        -15.764
 43.40,          2.917,        -15.762
 43.50,          2.926,        -15.761
 43.60,          2.935,        -15.759
 43.70,          2.944,        -15.757
 43.80,          2.953,        -15.756
 43.90,          2.962,        -15.754
 44.00,          2.972,        -15.752
 44.10,          2.981,        -15.750
 44.20,          2.990,        -15.749
 44.30,          3.000,        -15.747
 44.40,          3.009,        -15.745
 44.50,          3.019,        -15.743
 44.60,          3.028,        -15.741
 44.70,          3.038,        -15.739
 44.80,          3.048,        -15.738
 44.90,          3.058,        -15.736
 45.00,          3.068,        -15.734
 45.10,          3.078,        -15.732
 45.20,          3.088,        -15.730
 45.30,          3.098,        -15.728
 45.40,          3.108,        -15.726
 45.50,          3.124,        -15.753
 45.60,          3.145,        -15.806
 45.70,          3.166,        -15.855
 45.80,          3.187,        -15.908
 45.90,          3.208,        -15.956
 46.00,          3.230,        -16.010
 46.10,          3.251,        -16.057
 46.20,          3.273,        -16.113
 46.30,          3.294,        -16.158
 46.40,          3.317,        -16.214
 46.50,          3.340,        -16.269
 46.60,          3.363,        -16.324
 46.70,          3.385,        -16.371
 46.80,          3.408,        -16.425
 46.90,          3.432,        -16.480
 47.00,          3.456,        -16.535
 47.10,          3.480,        -16.590
 47.20,          3.504,        -16.645
 47.30,          3.528,        -16.700
 47.40,          3.553,        -16.754
 47.50,          3.577,        -16.809
 47.60,          3.604,        -16.874
 47.70,          3.629,        -16.928
 47.80,          3.654,        -16.983
 47.90,          3.680,        -17.037
 48.00,          3.707,        -17.102
 48.10,          3.733,        -17.156
 48.20,          3.759,        -17.212
 48.30,          3.787,        -17.274
 48.40,          3.814,        -17.330
 48.50,          3.842,        -17.393
 48.60,          3.871,        -17.456
 48.70,          3.898,        -17.510
 48.80,          3.927,        -17.574
 48.90,          3.956,        -17.638
 49.00,          3.986,        -17.700
 49.10,          4.015,        -17.763
 49.20,          4.045,        -17.826
 49.30,          4.076,        -17.889
 49.40,          4.106,        -17.951
 49.50,          4.137,        -18.014
 49.60,          4.167,        -18.077
 49.70,          4.198,        -18.139
 49.80,          4.231,        -18.207
 49.90,          4.264,        -18.274
 50.00,          4.295,        -18.336
 50.10,          4.329,        -18.406
 50.20,          4.362,        -18.470
 50.30,          4.397,        -18.542
 50.40,          4.430,        -18.604
 50.50,          4.465,        -18.676
 50.60,          4.500,        -18.747
 50.70,          4.534,        -18.809
 50.80,          4.570,        -18.880
 50.90,          4.607,        -18.951
 51.00,          4.643,        -19.022
 51.10,          4.680,        -19.093
 51.20,          4.717,        -19.164
 51.30,          4.755,        -19.235
 51.40,          4.795,        -19.315
 51.50,          4.833,        -19.386
 51.60,          4.872,        -19.456
 51.70,          4.913,        -19.536
 51.80,          4.952,        -19.606
 51.90,          4.994,        -19.686
 52.00,          5.034,        -19.757
 52.10,          5.076,        -19.835
 52.20,          5.119,        -19.915
 52.30,          5.162,        -19.994
 52.40,          5.203,        -20.063
 52.50,          5.247,        -20.142
 52.60,          5.293,        -20.229
 52.70,          5.338,        -20.307
 52.80,          5.383,        -20.384
 52.90,          5.429,        -20.466
 53.00,          5.476,        -20.549
 53.10,          5.522,        -20.627
 53.20,          5.571,        -20.714
 53.30,          5.617,        -20.791
 53.40,          5.667,        -20.877
 53.50,          5.717,        -20.963
 53.60,          5.768,        -21.050
 53.70,          5.819,        -21.136
 53.80,          5.870,        -21.221
 53.90,          5.922,        -21.307
 54.00,          5.974,        -21.392
 54.10,          6.029,        -21.485
 54.20,          6.083,        -21.572
 54.30,          6.138,        -21.663
 54.40,          6.194,        -21.751
 54.50,          6.251,        -21.845
 54.60,          6.307,        -21.933
 54.70,          6.365,        -22.026
 54.80,          6.424,        -22.119
 54.90,          6.483,        -22.211
 55.00,          6.543,        -22.303
 55.10,          6.606,        -22.404
 55.20,          6.667,        -22.496
 55.30,          6.731,        -22.597
 55.40,          6.794,        -22.691
 55.50,          6.859,        -22.788
 55.60,          6.925,        -22.888
 55.70,          6.991,        -22.988
 55.80,          7.058,        -23.088
 55.90,          7.126,        -23.187
 56.00,          7.198,        -23.295
 56.10,          7.267,        -23.394
 56.20,          7.339,        -23.502
 56.30,          7.410,        -23.600
 56.40,          7.484,        -23.707
 56.50,          7.559,        -23.814
 56.60,          7.634,        -23.920
 56.70,          7.710,        -24.026
 56.80,          7.789,        -24.137
 56.90,          7.866,        -24.241
 57.00,          7.947,        -24.355
 57.10,          8.029,        -24.468
 57.20,          8.112,        -24.580
 57.30,          8.196,        -24.693
 57.40,          8.280,        -24.805
 57.50,          8.365,        -24.916
 57.60,          8.454,        -25.033
 57.70,          8.542,        -25.147
 57.80,          8.633,        -25.267
 57.90,          8.725,        -25.386
 58.00,          8.817,        -25.504
 58.10,          8.912,        -25.623
 58.20,          9.006,        -25.740
 58.30,          9.105,        -25.865
 58.40,          9.204,        -25.990
 58.50,          9.305,        -26.114
 58.60,          9.407,        -26.238
 58.70,          9.510,        -26.361
 58.80,          9.614,        -26.486
 58.90,          9.722,        -26.615
 59.00,          9.831,        -26.745
 59.10,          9.942,        -26.874
 59.20,         10.053,        -27.002
 59.30,         10.167,        -27.133
 59.40,         10.283,        -27.266
 59.50,         10.401,        -27.401
 59.60,         10.521,        -27.535
 59.70,         10.642,        -27.669
 59.80,         10.764,        -27.802
 59.90,         10.891,        -27.943
 60.00,         11.019,        -28.081
 60.10,         11.149,        -28.219
 60.20,         11.282,        -28.362
 60.30,         11.416,        -28.502
 60.40,         11.553,        -28.647
 60.50,         11.692,        -28.791
 60.60,         11.833,        -28.934
 60.70,         11.978,        -29.082
 60.80,         12.123,        -29.225
 60.90,         12.272,        -29.374
 61.00,         12.424,        -29.524
 61.10,         12.576,        -29.669
 61.20,         12.734,        -29.822
 61.30,         12.893,        -29.973
 61.40,         13.057,        -30.130
 61.50,         13.222,        -30.282
 61.60,         13.391,        -30.439
 61.70,         13.562,        -30.596
 61.80,         13.735,        -30.748
 61.90,         13.913,        -30.908
 62.00,         14.094,        -31.066
 62.10,         14.280,        -31.232
 62.20,         14.466,        -31.390
 62.30,         14.656,        -31.551
 62.40,         14.853,        -31.719
 62.50,         15.048,        -31.876
 62.60,         15.252,        -32.045
 62.70,         15.458,        -32.212
 62.80,         15.669,        -32.382
 62.90,         15.881,        -32.548
 63.00,         16.096,        -32.712
 63.10,         16.318,        -32.882
 63.20,         16.544,        -33.053
 63.30,         16.775,        -33.225
 63.40,         17.009,        -33.396
 63.50,         17.250,        -33.572
 63.60,         17.491,        -33.741
 63.70,         17.741,        -33.918
 63.80,         17.991,        -34.086
 63.90,         18.252,        -34.267
 64.00,         18.512,        -34.437
 64.10,         18.781,        -34.614
 64.20,         19.056,        -34.793
 64.30,         19.335,        -34.969
 64.40,         19.621,        -35.149
 64.50,         19.911,        -35.327
 64.60,         20.205,        -35.500
 64.70,         20.508,        -35.679
 64.80,         20.816,        -35.857
 64.90,         21.130,        -36.034
 65.00,         21.452,        -36.215
 65.10,         21.777,        -36.389
 65.20,         22.112,        -36.568
 65.30,         22.451,        -36.742
 65.40,         22.798,        -36.918
 65.50,         23.154,        -37.097
 65.60,         23.515,        -37.270
 65.70,         23.880,        -37.438
 65.80,         24.259,        -37.614
 65.90,         24.642,        -37.785
 66.00,         25.036,        -37.957
 66.10,         25.433,        -38.122
 66.20,         25.842,        -38.290
 66.30,         26.259,        -38.456
 66.40,         26.685,        -38.622
 66.50,         27.118,        -38.781
 66.60,         27.560,        -38.940
 66.70,         28.013,        -39.097
 66.80,         28.471,        -39.247
 66.90,         28.944,        -39.402
 67.00,         29.423,        -39.547
 67.10,         29.913,        -39.691
 67.20,         30.413,        -39.832
 67.30,         30.926,        -39.971
 67.40,         31.442,        -40.096
 67.50,         31.976,        -40.227
 67.60,         32.514,        -40.346
 67.70,         33.066,        -40.462
 67.80,         33.632,        -40.576
 67.90,         34.205,        -40.678
 68.00,         34.789,        -40.775
 68.10,         35.387,        -40.866
 68.20,         35.998,        -40.953
 68.30,         36.616,        -41.026
 68.40,         37.246,        -41.091
 68.50,         37.889,        -41.149
 68.60,         38.546,        -41.199
 68.70,         39.212,        -41.235
 68.80,         39.896,        -41.269
 68.90,         40.585,        -41.284
 69.00,         41.292,        -41.292
 69.10,         42.010,        -41.287
 69.20,         42.737,        -41.267
 69.30,         43.477,        -41.233
 69.40,         44.231,        -41.187
 69.50,         44.996,        -41.126
 69.60,         45.773,        -41.048
 69.70,         46.563,        -40.956
 69.80,         47.363,        -40.845
 69.90,         48.174,        -40.715
 70.00,         48.997,        -40.568
 70.10,         49.829,        -40.399
 70.20,         50.670,        -40.209
 70.30,         51.528,        -40.003
 70.40,         52.387,        -39.769
 70.50,         53.265,        -39.519
 70.60,         54.144,        -39.240
 70.70,         55.034,        -38.938
 70.80,         55.933,        -38.612
 70.90,         56.831,        -38.254
 71.00,         57.736,        -37.870
 71.10,         58.657,        -37.465
 71.20,         59.569,        -37.022
 71.30,         60.492,        -36.556
 71.40,         61.412,        -36.055
 71.50,         62.335,        -35.524
 71.60,         63.258,        -34.962
 71.70,         64.180,        -34.368
 71.80,         65.094,        -33.737
 71.90,         66.011,        -33.077
 72.00,         66.916,        -32.379
 72.10,         67.814,        -31.646
 72.20,         68.703,        -30.879
 72.30,         69.581,        -30.077
 72.40,         70.445,        -29.239
 72.50,         71.296,        -28.365
 72.60,         72.131,        -27.456
 72.70,         72.947,        -26.512
 72.80,         73.742,        -25.532
 72.90,         74.516,        -24.518
 73.00,         75.265,        -23.470
 73.10,         75.987,        -22.387
 73.20,         76.681,        -21.273
 73.30,         77.344,        -20.126
 73.40,         77.499,        -18.833
 73.50,         77.497,        -17.499
 73.60,         77.498,        -16.166
 73.70,         77.501,        -14.833
 73.80,         77.503,        -13.500
 73.90,         77.502,        -12.167
 74.00,         77.501,        -10.833
 74.10,         77.500,         -9.500
 74.20,         77.500,         -8.166
 74.30,         77.499,         -6.833
 74.40,         77.498,         -5.500
 74.50,         77.498,         -4.166
 74.60,         77.498,         -2.833
 74.70,         77.497,         -1.500
 74.80,         77.497,         -0.167
 74.90,         77.497,          1.167
 75.00,         77.498,          2.500
 75.10,         77.498,          3.833
 75.20,         77.498,          5.167
 75.30,         77.499,          6.500
 75.40,         77.499,          7.833
 75.50,         77.500,          9.167
 75.60,         77.501,         10.500
 75.70,         77.502,         11.834
 75.80,         77.503,         13.167
 75.90,         77.501,         14.500
 76.00,         77.499,         15.833
 76.10,         77.497,         17.166
 76.20,         77.498,         18.500
 76.30,         77.500,         19.833
 76.40,         76.850,         20.989
 76.50,         76.163,         22.112
 76.60,         75.448,         23.202
 76.70,         74.705,         24.259
 76.80,         73.938,         25.282
 76.90,         73.148,         26.271
 77.00,         72.337,         27.224
 77.10,         71.506,         28.141
 77.20,         70.660,         29.024
 77.30,         69.798,         29.871
 77.40,         68.923,         30.682
 77.50,         68.036,         31.458
 77.60,         67.141,         32.199
 77.70,         66.239,         32.906
 77.80,         65.324,         33.575
 77.90,         64.409,         34.213
 78.00,         63.490,         34.817
 78.10,         62.566,         35.387
 78.20,         61.643,         35.925
 78.30,         60.722,         36.434
 78.40,         59.800,         36.909
 78.50,         58.885,         37.357
 78.60,         57.966,         37.772
 78.70,         57.056,         38.161
 78.80,         56.157,         38.525
 78.90,         55.258,         38.859
 79.00,         54.364,         39.166
 79.10,         53.484,         39.452
 79.20,         52.606,         39.709
 79.30,         51.743,         39.948
 79.40,         50.881,         40.158
 79.50,         50.039,         40.354
 79.60,         49.204,         40.527
 79.70,         48.378,         40.680
 79.80,         47.566,         40.814
 79.90,         46.762,         40.929
 80.00,         45.969,         41.026
 80.10,         45.190,         41.108
 80.20,         44.421,         41.173
 80.30,         43.664,         41.223
 80.40,         42.921,         41.260
 80.50,         42.190,         41.283
 80.60,         41.471,         41.292
 80.70,         40.760,         41.286
 80.80,         40.069,         41.275
 80.90,         39.381,         41.244
 81.00,         38.711,         41.209
 81.10,         38.053,         41.163
 81.20,         37.406,         41.106
 81.30,         36.771,         41.042
 81.40,         36.152,         40.972
 81.50,         35.539,         40.889
 81.60,         34.937,         40.798
 81.70,         34.349,         40.701
 81.80,         33.775,         40.602
 81.90,         33.207,         40.491
 82.00,         32.651,         40.375
 82.10,         32.108,         40.257
 82.20,         31.573,         40.128
 82.30,         31.053,         40.002
 82.40,         30.539,         39.865
 82.50,         30.038,         39.727
 82.60,         29.544,         39.582
 82.70,         29.063,         39.439
 82.80,         28.589,         39.286
 82.90,         28.127,         39.135
 83.00,         27.672,         38.980
 83.10,         27.227,         38.820
 83.20,         26.793,         38.662
 83.30,         26.364,         38.497
 83.40,         25.946,         38.334
 83.50,         25.534,         38.164
 83.60,         25.134,         37.999
 83.70,         24.739,         37.827
 83.80,         24.354,         37.657
 83.90,         23.974,         37.482
 84.00,         23.606,         37.313
 84.10,         23.244,         37.140
 84.20,         22.886,         36.963
 84.30,         22.536,         36.785
 84.40,         22.196,         36.612
 84.50,         21.861,         36.435
 84.60,         21.533,         36.258
 84.70,         21.209,         36.078
 84.80,         20.894,         35.902
 84.90,         20.583,         35.722
 85.00,         20.281,         35.547
 85.10,         19.984,         35.370
 85.20,         19.693,         35.194
 85.30,         19.406,         35.014
 85.40,         19.125,         34.836
 85.50,         18.851,         34.662
 85.60,         18.579,         34.481
 85.70,         18.317,         34.311
 85.80,         18.056,         34.132
 85.90,         17.803,         33.960
 86.00,         17.555,         33.788
 86.10,         17.310,         33.616
 86.20,         17.069,         33.440
 86.30,         16.832,         33.266
 86.40,         16.603,         33.098
 86.50,         16.374,         32.924
 86.60,         16.152,         32.755
 86.70,         15.934,         32.589
 86.80,         15.721,         32.422
 86.90,         15.509,         32.253
 87.00,         15.304,         32.090
 87.10,         15.098,         31.917
 87.20,         14.901,         31.758
 87.30,         14.705,         31.593
 87.40,         14.514,         31.432
 87.50,         14.326,         31.271
 87.60,         14.139,         31.106
 87.70,         13.958,         30.948
 87.80,         13.779,         30.788
 87.90,         13.606,         30.636
 88.00,         13.432,         30.475
 88.10,         13.263,         30.319
 88.20,         13.099,         30.170
 88.30,         12.933,         30.011
 88.40,         12.773,         29.860
 88.50,         12.615,         29.707
 88.60,         12.463,         29.563
 88.70,         12.309,         29.408
 88.80,         12.159,         29.261
 88.90,         12.015,         29.120
 89.00,         11.868,         28.969
 89.10,         11.727,         28.827
 89.20,         11.588,         28.683
 89.30,         11.450,         28.539
 89.40,         11.314,         28.394
 89.50,         11.182,         28.256
 89.60,         11.052,         28.116
 89.70,         10.923,         27.976
 89.80,         10.797,         27.839
 89.90,         10.672,         27.702
 90.00,         10.551,         27.569
 90.10,         10.431,         27.435
 90.20,         10.312,         27.300
 90.30,         10.195,         27.164
 90.40,         10.082,         27.037
 90.50,          9.969,         26.905
 90.60,          9.858,         26.775
 90.70,          9.748,         26.645
 90.80,          9.642,         26.521
 90.90,          9.535,         26.392
 91.00,          9.432,         26.269
 91.10,          9.330,         26.145
 91.20,          9.229,         26.021
 91.30,          9.130,         25.897
 91.40,          9.031,         25.771
 91.50,          8.936,         25.655
 91.60,          8.840,         25.532
 91.70,          8.747,         25.413
 91.80,          8.655,         25.294
 91.90,          8.563,         25.175
 92.00,          8.476,         25.064
 92.10,          8.387,         24.944
 92.20,          8.301,         24.833
 92.30,          8.217,         24.721
 92.40,          8.133,         24.609
 92.50,          8.050,         24.496
 92.60,          7.968,         24.383
 92.70,          7.886,         24.269
 92.80,          7.809,         24.165
 92.90,          7.729,         24.051
 93.00,          7.653,         23.946
 93.10,          7.577,         23.840
 93.20,          7.503,         23.734
 93.30,          7.429,         23.628
 93.40,          7.357,         23.526
 93.50,          7.284,         23.419
 93.60,          7.215,         23.320
 93.70,          7.143,         23.212
 93.80,          7.075,         23.113
 93.90,          7.008,         23.013
 94.00,          6.941,         22.913
 94.10,          6.875,         22.813
 94.20,          6.810,         22.713
 94.30,          6.747,         22.622
 94.40,          6.683,         22.521
 94.50,          6.621,         22.425
 94.60,          6.559,         22.328
 94.70,          6.499,         22.236
 94.80,          6.440,         22.144
 94.90,          6.381,         22.052
 95.00,          6.322,         21.959
 95.10,          6.265,         21.866
 95.20,          6.207,         21.773
 95.30,          6.153,         21.688
 95.40,          6.097,         21.594
 95.50,          6.043,         21.509
 95.60,          5.988,         21.414
 95.70,          5.935,         21.328
 95.80,          5.883,         21.243
 95.90,          5.832,         21.157
 96.00,          5.781,         21.071
 96.10,          5.730,         20.985
 96.20,          5.680,         20.899
 96.30,          5.630,         20.812
 96.40,          5.583,         20.735
 96.50,          5.534,         20.648
 96.60,          5.488,         20.571
 96.70,          5.440,         20.484
 96.80,          5.394,         20.406
 96.90,          5.349,         20.326
 97.00,          5.304,         20.248
 97.10,          5.258,         20.163
 97.20,          5.215,         20.084
 97.30,          5.172,         20.011
 97.40,          5.129,         19.932
 97.50,          5.086,         19.853
 97.60,          5.045,         19.780
 97.70,          5.004,         19.703
 97.80,          4.962,         19.624
 97.90,          4.923,         19.553
 98.00,          4.881,         19.474
 98.10,          4.843,         19.403
 98.20,          4.805,         19.333
 98.30,          4.765,         19.253
 98.40,          4.727,         19.182
 98.50,          4.689,         19.111
 98.60,          4.652,         19.040
 98.70,          4.616,         18.969
 98.80,          4.579,         18.898
 98.90,          4.543,         18.827
 99.00,          4.509,         18.765
 99.10,          4.474,         18.693
 99.20,          4.438,         18.622
 99.30,          4.406,         18.560
 99.40,          4.371,         18.488
 99.50,          4.337,         18.419
 99.60,          4.304,         18.354
 99.70,          4.272,         18.292
 99.80,          4.238,         18.221
 99.90,          4.207,         18.157
100.00,          4.176,         18.095
