  0.10,          0.001,         -0.000
  0.20,          0.007,         -0.000
  0.30,          0.019,         -0.000
  0.40,          0.038,         -0.000
  0.50,          0.063,         -0.000
  0.60,          0.095,         -0.000
  0.70,          0.129,         -0.001
  0.80,          0.164,         -0.001
  0.90,          0.199,         -0.001
  1.00,          0.231,         -0.001
  1.10,          0.260,         -0.001
  1.20,          0.287,         -0.002
  1.30,          0.309,         -0.002
  1.40,          0.326,         -0.002
  1.50,          0.336,         -0.002
  1.60,          0.340,         -0.002
  1.70,          0.337,         -0.002
  1.80,          0.327,         -0.002
  1.90,          0.312,         -0.002
  2.00,          0.292,         -0.002
  2.10,          0.268,         -0.002
  2.20,          0.240,         -0.001
  2.30,          0.211,         -0.001
  2.40,          0.180,         -0.001
  2.50,          0.150,         -0.001
  2.60,          0.122,         -0.001
  2.70,          0.096,         -0.001
  2.80,          0.075,         -0.001
  2.90,          0.058,         -0.000
  3.00,          0.046,         -0.000
  3.10,          0.039,         -0.000
  3.20,          0.039,         -0.000
  3.30,          0.044,         -0.000
  3.40,          0.054,         -0.000
  3.50,          0.070,         -0.000
  3.60,          0.089,         -0.001
  3.70,          0.112,         -0.001
  3.80,          0.137,         -0.001
  3.90,          0.164,         -0.001
  4.00,          0.190,         -0.001
  4.10,          0.216,         -0.001
  4.20,          0.240,         -0.001
  4.30,          0.261,         -0.001
  4.40,          0.278,         -0.002
  4.50,          0.291,         -0.002
  4.60,          0.300,         -0.002
  4.70,          0.303,         -0.002
  4.80,          0.301,         -0.002
  4.90,          0.295,         -0.002
  5.00,          0.283,         -0.002
  5.10,          0.268,         -0.002
  5.20,          0.250,         -0.002
  5.30,          0.229,         -0.001
  5.40,          0.206,         -0.001
  5.50,          0.182,         -0.001
  5.60,          0.159,         -0.001
  5.70,          0.137,         -0.001
  5.80,          0.117,         -0.001
  5.90,          0.100,         -0.001
  6.00,          0.086,         -0.001
  6.10,          0.077,         -0.001
  6.20,          0.071,         -0.001
  6.30,          0.070,         -0.001
  6.40,          0.074,         -0.001
  6.50,          0.081,         -0.001
  6.60,          0.093,         -0.001
  6.70,          0.108,         -0.001
  6.80,          0.125,         -0.001
  6.90,          0.144,         -0.001
  7.00,          0.165,         -0.001
  7.10,          0.185,         -0.001
  7.20,          0.206,         -0.001
  7.30,          0.224,         -0.001
  7.40,          0.241,         -0.001
  7.50,          0.254,         -0.002
  7.60,          0.265,         -0.002
  7.70,          0.272,         -0.002
  7.80,          0.275,         -0.002
  7.90,          0.274,         -0.002
  8.00,          0.269,         -0.002
  8.10,          0.261,         -0.002
  8.20,          0.249,         -0.002
  8.30,          0.235,         -0.002
  8.40,          0.219,         -0.002
  8.50,          0.202,         -0.001
  8.60,          0.183,         -0.001
  8.70,          0.165,         -0.001
  8.80,          0.148,         -0.001
  8.90,          0.133,         -0.001
  9.00,          0.119,         -0.001
  9.10,          0.108,         -0.001
  9.20,          0.100,         -0.001
  9.30,          0.096,         -0.001
  9.40,          0.095,         -0.001
  9.50,          0.097,         -0.001
  9.60,          0.103,         -0.001
  9.70,          0.111,         -0.001
  9.80,          0.122,         -0.001
  9.90,          0.136,         -0.001
 10.00,          0.150,         -0.001
 10.10,          0.166,         -0.001
 10.20,          0.182,         -0.001
 10.30,          0.198,         -0.001
 10.40,          0.212,         -0.001
 10.50,          0.225,         -0.002
 10.60,          0.236,         -0.002
 10.70,          0.245,         -0.002
 10.80,          0.250,         -0.002
 10.90,          0.253,         -0.002
 11.00,          0.252,         -0.002
 11.10,          0.249,         -0.002
 11.20,          0.243,         -0.002
 11.30,          0.234,         -0.002
 11.40,          0.224,         -0.002
 11.50,          0.211,         -0.002
 11.60,          0.198,         -0.002
 11.70,          0.184,         -0.001
 11.80,          0.170,         -0.001
 11.90,          0.156,         -0.001
 12.00,          0.144,         -0.001
 12.10,          0.133,         -0.001
 12.20,          0.125,         -0.001
 12.30,          0.118,         -0.001
 12.40,          0.115,         -0.001
 12.50,          0.114,         -0.001
 12.60,          0.115,         -0.001
 12.70,          0.119,         -0.001
 12.80,          0.126,         -0.001
 12.90,          0.134,         -0.001
 13.00,          0.144,         -0.001
 13.10,          0.156,         -0.001
 13.20,          0.168,         -0.001
 13.30,          0.180,         -0.001
 13.40,          0.192,         -0.001
 13.50,          0.203,         -0.002
 13.60,          0.214,         -0.002
 13.70,          0.222,         -0.002
 13.80,          0.229,         -0.002
 13.90,          0.234,         -0.002
 14.00,          0.236,         -0.002
 14.10,          0.236,         -0.002
 14.20,          0.233,         -0.002
 14.30,          0.229,         -0.002
 14.40,          0.222,         -0.002
 14.50,          0.214,         -0.002
 14.60,          0.205,         -0.002
 14.70,          0.194,         -0.002
 14.80,          0.184,         -0.002
 14.90,          0.173,         -0.002
 15.00,          0.162,         -0.001
 15.10,          0.153,         -0.001
 15.20,          0.144,         -0.001
 15.30,          0.137,         -0.001
 15.40,          0.132,         -0.001
 15.50,          0.129,         -0.001
 15.60,          0.128,         -0.001
 15.70,          0.129,         -0.001
 15.80,          0.132,         -0.001
 15.90,          0.137,         -0.001
 16.00,          0.143,         -0.001
 16.10,          0.151,         -0.001
 16.20,          0.160,         -0.001
 16.30,          0.169,         -0.001
 16.40,          0.179,         -0.002
 16.50,          0.188,         -0.002
 16.60,          0.197,         -0.002
 16.70,          0.205,         -0.002
 16.80,          0.212,         -0.002
 16.90,          0.217,         -0.002
 17.00,          0.221,         -0.002
 17.10,          0.223,         -0.002
 17.20,          0.223,         -0.002
 17.30,          0.221,         -0.002
 17.40,          0.218,         -0.002
 17.50,          0.213,         -0.002
 17.60,          0.207,         -0.002
 17.70,          0.200,         -0.002
 17.80,          0.192,         -0.002
 17.90,          0.183,         -0.002
 18.00,          0.175,         -0.002
 18.10,          0.167,         -0.002
 18.20,          0.159,         -0.002
 18.30,          0.153,         -0.002
 18.40,          0.147,         -0.002
 18.50,          0.143,         -0.002
 18.60,          0.140,         -0.002
 18.70,          0.139,         -0.002
 18.80,          0.140,         -0.002
 18.90,          0.142,         -0.002
 19.00,          0.146,         -0.002
 19.10,          0.150,         -0.002
 19.20,          0.156,         -0.002
 19.30,          0.163,         -0.002
 19.40,          0.170,         -0.002
 19.50,          0.178,         -0.002
 19.60,          0.185,         -0.002
 19.70,          0.192,         -0.002
 19.80,          0.198,         -0.002
 19.90,          0.203,         -0.002
 20.00,          0.208,         -0.002
 20.10,          0.211,         -0.002
 20.20,          0.212,         -0.002
 20.30,          0.213,         -0.002
 20.40,          0.211,         -0.002
 20.50,          0.209,         -0.002
 20.60,          0.205,         -0.002
 20.70,          0.201,         -0.002
 20.80,          0.195,         -0.002
 20.90,          0.189,         -0.002
 21.00,          0.183,         -0.002
 21.10,          0.176,         -0.002
 21.20,          0.170,         -0.002
 21.30,          0.164,         -0.002
 21.40,          0.159,         -0.002
 21.50,          0.154,         -0.002
 21.60,          0.151,         -0.002
 21.70,          0.149,         -0.002
 21.80,          0.148,         -0.002
 21.90,          0.148,         -0.002
 22.00,          0.150,         -0.002
 22.10,          0.152,         -0.002
 22.20,          0.156,         -0.002
 22.30,          0.161,         -0.002
 22.40,          0.166,         -0.002
 22.50,          0.171,         -0.002
 22.60,          0.177,         -0.002
 22.70,          0.183,         -0.002
 22.80,          0.188,         -0.002
 22.90,          0.193,         -0.002
 23.00,          0.197,         -0.002
 23.10,          0.200,         -0.002
 23.20,          0.203,         -0.002
 23.30,          0.204,         -0.002
 23.40,          0.205,         -0.002
 23.50,          0.204,         -0.002
 23.60,          0.202,         -0.002
 23.70,          0.199,         -0.002
 23.80,          0.196,         -0.002
 23.90,          0.192,         -0.002
 24.00,          0.187,         -0.002
 24.10,          0.182,         -0.002
 24.20,          0.177,         -0.002
 24.30,          0.172,         -0.002
 24.40,          0.167,         -0.002
 24.50,          0.163,         -0.002
 24.60,          0.160,         -0.002
 24.70,          0.157,         -0.002
 24.80,          0.155,         -0.002
 24.90,          0.155,         -0.002
 25.00,          0.155,         -0.002
 25.10,          0.156,         -0.002
 25.20,          0.158,         -0.002
 25.30,          0.160,         -0.002
 25.40,          0.164,         -0.002
 25.50,          0.168,         -0.002
 25.60,          0.172,         -0.002
 25.70,          0.176,         -0.002
 25.80,          0.181,         -0.002
 25.90,          0.185,         -0.002
 26.00,          0.189,         -0.002
 26.10,          0.192,         -0.002
 26.20,          0.195,         -0.002
 26.30,          0.197,         -0.002
 26.40,          0.198,         -0.002
 26.50,          0.198,         -0.002
 26.60,          0.198,         -0.002
 26.70,          0.196,         -0.002
 26.80,          0.194,         -0.002
 26.90,          0.192,         -0.002
 27.00,          0.189,         -0.002
 27.10,          0.185,         -0.002
 27.20,          0.181,         -0.002
 27.30,          0.177,         -0.002
 27.40,          0.173,         -0.002
 27.50,          0.170,         -0.002
 27.60,          0.167,         -0.002
 27.70,          0.164,         -0.002
 27.80,          0.162,         -0.002
 27.90,          0.160,         -0.002
 28.00,          0.160,         -0.002
 28.10,          0.160,         -0.002
 28.20,          0.160,         -0.002
 28.30,          0.162,         -0.002
 28.40,          0.164,         -0.002
 28.50,          0.166,         -0.002
 28.60,          0.169,         -0.002
 28.70,          0.173,         -0.002
 28.80,          0.176,         -0.002
 28.90,          0.179,         -0.003
 29.00,          0.183,         -0.003
 29.10,          0.186,         -0.003
 29.20,          0.188,         -0.003
 29.30,          0.190,         -0.003
 29.40,          0.192,         -0.003
 29.50,          0.193,         -0.003
 29.60,          0.193,         -0.003
 29.70,          0.193,         -0.003
 29.80,          0.192,         -0.003
 29.90,          0.190,         -0.003
 30.00,          0.188,         -0.003
 30.10,          0.186,         -0.003
 30.20,          0.183,         -0.003
 30.30,          0.180,         -0.003
 30.40,          0.177,         -0.003
 30.50,          0.174,         -0.003
 30.60,          0.171,         -0.003
 30.70,          0.169,         -0.003
 30.80,          0.167,         -0.003
 30.90,          0.165,         -0.003
 31.00,          0.164,         -0.003
 31.10,          0.163,         -0.003
 31.20,          0.163,         -0.003
 31.30,          0.164,         -0.003
 31.40,          0.165,         -0.003
 31.50,          0.166,         -0.003
 31.60,          0.168,         -0.003
 31.70,          0.170,         -0.003
 31.80,          0.173,         -0.003
 31.90,          0.176,         -0.003
 32.00,          0.178,         -0.003
 32.10,          0.181,         -0.003
 32.20,          0.183,         -0.003
 32.30,          0.185,         -0.003
 32.40,          0.187,         -0.003
 32.50,          0.188,         -0.003
 32.60,          0.189,         -0.003
 32.70,          0.189,         -0.003
 32.80,          0.189,         -0.003
 32.90,          0.188,         -0.003
 33.00,          0.187,         -0.003
 33.10,          0.186,         -0.003
 33.20,          0.184,         -0.003
 33.30,          0.182,         -0.003
 33.40,          0.179,         -0.003
 33.50,          0.177,         -0.003
 33.60,          0.175,         -0.003
 33.70,          0.172,         -0.003
 33.80,          0.170,         -0.003
 33.90,          0.169,         -0.003
 34.00,          0.167,         -0.003
 34.10,          0.166,         -0.003
 34.20,          0.166,         -0.003
 34.30,          0.166,         -0.003
 34.40,          0.166,         -0.003
 34.50,          0.167,         -0.003
 34.60,          0.168,         -0.003
 34.70,          0.170,         -0.003
 34.80,          0.171,         -0.003
 34.90,          0.173,         -0.003
 35.00,          0.175,         -0.003
 35.10,          0.177,         -0.003
 35.20,          0.179,         -0.003
 35.30,          0.181,         -0.003
 35.40,          0.183,         -0.003
 35.50,          0.184,         -0.003
 35.60,          0.185,         -0.003
 35.70,          0.186,         -0.004
 35.80,          0.186,         -0.004
 35.90,          0.186,         -0.004
 36.00,          0.185,         -0.004
 36.10,          0.184,         -0.004
 36.20,          0.183,         -0.004
 36.30,          0.182,         -0.004
 36.40,          0.180,         -0.004
 36.50,          0.178,         -0.004
 36.60,          0.176,         -0.004
 36.70,          0.175,         -0.004
 36.80,          0.173,         -0.004
 36.90,          0.171,         -0.004
 37.00,          0.170,         -0.004
 37.10,          0.169,         -0.004
 37.20,          0.168,         -0.004
 37.30,          0.168,         -0.004
 37.40,          0.168,         -0.004
 37.50,          0.168,         -0.004
 37.60,          0.168,         -0.004
 37.70,          0.169,         -0.004
 37.80,          0.170,         -0.004
 37.90,          0.172,         -0.004
 38.00,          0.173,         -0.004
 38.10,          0.175,         -0.004
 38.20,          0.176,         -0.004
 38.30,          0.178,         -0.004
 38.40,          0.179,         -0.004
 38.50,          0.180,         -0.004
 38.60,          0.181,         -0.004
 38.70,          0.182,         -0.004
 38.80,          0.183,         -0.004
 38.90,          0.183,         -0.004
 39.00,          0.183,         -0.004
 39.10,          0.183,         -0.004
 39.20,          0.182,         -0.004
 39.30,          0.181,         -0.004
 39.40,          0.180,         -0.004
 39.50,          0.179,         -0.004
 39.60,          0.177,         -0.004
 39.70,          0.176,         -0.004
 39.80,          0.174,         -0.004
 39.90,          0.173,         -0.004
 40.00,          0.172,         -0.004
 40.10,          0.171,         -0.004
 40.20,          0.170,         -0.004
 40.30,          0.169,         -0.004
 40.40,          0.169,         -0.004
 40.50,          0.169,         -0.004
 40.60,          0.169,         -0.004
 40.70,          0.169,         -0.004
 40.80,          0.170,         -0.005
 40.90,          0.171,         -0.005
 41.00,          0.172,         -0.005
 41.10,          0.173,         -0.005
 41.20,          0.174,         -0.005
 41.30,          0.175,         -0.005
 41.40,          0.176,         -0.005
 41.50,          0.177,         -0.005
 41.60,          0.178,         -0.005
 41.70,          0.179,         -0.005
 41.80,          0.180,         -0.005
 41.90,          0.180,         -0.005
 42.00,          0.180,         -0.005
 42.10,          0.180,         -0.005
 42.20,          0.180,         -0.005
 42.30,          0.180,         -0.005
 42.40,          0.179,         -0.005
 42.50,          0.178,         -0.005
 42.60,          0.177,         -0.005
 42.70,          0.176,         -0.005
 42.80,          0.175,         -0.005
 42.90,          0.174,         -0.005
 43.00,          0.173,         -0.005
 43.10,          0.172,         -0.005
 43.20,          0.171,         -0.005
 43.30,          0.170,         -0.005
 43.40,          0.170,         -0.005
 43.50,          0.169,         -0.005
 43.60,          0.169,         -0.005
 43.70,          0.169,         -0.005
 43.80,          0.169,         -0.005
 43.90,          0.170,         -0.005
 44.00,          0.170,         -0.005
 44.10,          0.171,         -0.005
 44.20,          0.172,         -0.006
 44.30,          0.173,         -0.006
 44.40,          0.174,         -0.006
 44.50,          0.175,         -0.006
 44.60,          0.176,         -0.006
 44.70,          0.176,         -0.006
 44.80,          0.177,         -0.006
 44.90,          0.177,         -0.006
 45.00,          0.178,         -0.006
 45.10,          0.178,         -0.006
 45.20,          0.178,         -0.006
 45.30,          0.178,         -0.006
 45.40,          0.178,         -0.006
 45.50,          0.177,         -0.006
 45.60,          0.177,         -0.006
 45.70,          0.177,         -0.006
 45.80,          0.176,         -0.006
 45.90,          0.176,         -0.006
 46.00,          0.175,         -0.007
 46.10,          0.175,         -0.007
 46.20,          0.175,         -0.007
 46.30,          0.175,         -0.007
 46.40,          0.176,         -0.007
 46.50,          0.176,         -0.007
 46.60,          0.177,         -0.007
 46.70,          0.178,         -0.007
 46.80,          0.180,         -0.007
 46.90,          0.182,         -0.007
 47.00,          0.184,         -0.008
 47.10,          0.186,         -0.008
 47.20,          0.188,         -0.008
 47.30,          0.191,         -0.008
 47.40,          0.193,         -0.008
 47.50,          0.195,         -0.008
 47.60,          0.198,         -0.008
 47.70,          0.200,         -0.008
 47.80,          0.202,         -0.009
 47.90,          0.205,         -0.009
 48.00,          0.206,         -0.009
 48.10,          0.208,         -0.009
 48.20,          0.210,         -0.009
 48.30,          0.211,         -0.009
 48.40,          0.212,         -0.009
 48.50,          0.213,         -0.009
 48.60,          0.213,         -0.010
 48.70,          0.214,         -0.010
 48.80,          0.214,         -0.010
 48.90,          0.215,         -0.010
 49.00,          0.215,         -0.010
 49.10,          0.216,         -0.010
 49.20,          0.216,         -0.010
 49.30,          0.217,         -0.010
 49.40,          0.218,         -0.011
 49.50,          0.219,         -0.011
 49.60,          0.220,         -0.011
 49.70,          0.221,         -0.011
 49.80,          0.223,         -0.011
 49.90,          0.225,         -0.011
 50.00,          0.227,         -0.012
 50.10,          0.229,         -0.012
 50.20,          0.231,         -0.012
 50.30,          0.234,         -0.012
 50.40,          0.237,         -0.012
 50.50,          0.239,         -0.013
 50.60,          0.242,         -0.013
 50.70,          0.244,         -0.013
 50.80,          0.247,         -0.013
 50.90,          0.250,         -0.013
 51.00,          0.252,         -0.014
 51.10,          0.254,         -0.014
 51.20,          0.256,         -0.014
 51.30,          0.258,         -0.014
 51.40,          0.260,         -0.015
 51.50,          0.262,         -0.015
 51.60,          0.263,         -0.015
 51.70,          0.265,         -0.015
 51.80,          0.266,         -0.015
 51.90,          0.267,         -0.016
 52.00,          0.268,         -0.016
 52.10,          0.270,         -0.016
 52.20,          0.271,         -0.016
 52.30,          0.272,         -0.017
 52.40,          0.274,         -0.017
 52.50,          0.275,         -0.017
 52.60,          0.277,         -0.017
 52.70,          0.279,         -0.018
 52.80,          0.281,         -0.018
 52.90,          0.283,         -0.018
 53.00,          0.285,         -0.019
 53.10,          0.288,         -0.019
 53.20,          0.291,         -0.019
 53.30,          0.294,         -0.020
 53.40,          0.297,         -0.020
 53.50,          0.300,         -0.020
 53.60,          0.303,         -0.021
 53.70,          0.306,         -0.021
 53.80,          0.309,         -0.021
 53.90,          0.312,         -0.022
 54.00,          0.315,         -0.022
 54.10,          0.318,         -0.023
 54.20,          0.321,         -0.023
 54.30,          0.324,         -0.023
 54.40,          0.327,         -0.024
 54.50,          0.329,         -0.024
 54.60,          0.332,         -0.025
 54.70,          0.334,         -0.025
 54.80,          0.336,         -0.026
 54.90,          0.339,         -0.026
 55.00,          0.341,         -0.026
 55.10,          0.343,         -0.027
 55.20,          0.346,         -0.027
 55.30,          0.348,         -0.028
 55.40,          0.350,         -0.028
 55.50,          0.353,         -0.029
 55.60,          0.355,         -0.029
 55.70,          0.358,         -0.030
 55.80,          0.361,         -0.031
 55.90,          0.364,         -0.031
 56.00,          0.367,         -0.032
 56.10,          0.370,         -0.032
 56.20,          0.374,         -0.033
 56.30,          0.377,         -0.034
 56.40,          0.381,         -0.034
 56.50,          0.385,         -0.035
 56.60,          0.389,         -0.036
 56.70,          0.393,         -0.036
 56.80,          0.397,         -0.037
 56.90,          0.401,         -0.038
 57.00,          0.405,         -0.039
 57.10,          0.409,         -0.039
 57.20,          0.413,         -0.040
 57.30,          0.417,         -0.041
 57.40,          0.421,         -0.042
 57.50,          0.425,         -0.043
 57.60,          0.428,         -0.044
 57.70,          0.432,         -0.044
 57.80,          0.436,         -0.045
 57.90,          0.440,         -0.046
 58.00,          0.443,         -0.047
 58.10,          0.447,         -0.048
 58.20,          0.450,         -0.049
 58.30,          0.454,         -0.050
 58.40,          0.458,         -0.051
 58.50,          0.462,         -0.052
 58.60,          0.466,         -0.054
 58.70,          0.470,         -0.055
 58.80,          0.474,         -0.056
 58.90,          0.478,         -0.057
 59.00,          0.482,         -0.058
 59.10,          0.487,         -0.060
 59.20,          0.492,         -0.061
 59.30,          0.497,         -0.062
 59.40,          0.502,         -0.064
 59.50,          0.507,         -0.065
 59.60,          0.512,         -0.066
 59.70,          0.517,         -0.068
 59.80,          0.523,         -0.070
 59.90,          0.528,         -0.071
 60.00,          0.534,         -0.073
 60.10,          0.539,         -0.074
 60.20,          0.545,         -0.076
 60.30,          0.550,         -0.078
 60.40,          0.556,         -0.080
 60.50,          0.562,         -0.082
 60.60,          0.567,         -0.084
 60.70,          0.573,         -0.086
 60.80,          0.578,         -0.088
 60.90,          0.584,         -0.090
 61.00,          0.589,         -0.092
 61.10,          0.595,         -0.094
 61.20,          0.600,         -0.096
 61.30,          0.606,         -0.099
 61.40,          0.612,         -0.101
 61.50,          0.617,         -0.104
 61.60,          0.623,         -0.106
 61.70,          0.629,         -0.109
 61.80,          0.635,         -0.111
 61.90,          0.641,         -0.114
 62.00,          0.647,         -0.117
 62.10,          0.654,         -0.120
 62.20,          0.660,         -0.123
 62.30,          0.667,         -0.126
 62.40,          0.674,         -0.130
 62.50,          0.681,         -0.133
 62.60,          0.688,         -0.136
 62.70,          0.695,         -0.140
 62.80,          0.703,         -0.144
 62.90,          0.710,         -0.148
 63.00,          0.717,         -0.152
 63.10,          0.725,         -0.156
 63.20,          0.733,         -0.160
 63.30,          0.740,         -0.164
 63.40,          0.748,         -0.169
 63.50,          0.756,         -0.173
 63.60,          0.763,         -0.178
 63.70,          0.771,         -0.183
 63.80,          0.779,         -0.188
 63.90,          0.786,         -0.193
 64.00,          0.794,         -0.199
 64.10,          0.802,         -0.204
 64.20,          0.809,         -0.210
 64.30,          0.817,         -0.216
 64.40,          0.825,         -0.222
 64.50,          0.833,         -0.228
 64.60,          0.840,         -0.235
 64.70,          0.848,         -0.242
 64.80,          0.856,         -0.249
 64.90,          0.864,         -0.256
 65.00,          0.872,         -0.264
 65.10,          0.880,         -0.271
 65.20,          0.889,         -0.279
 65.30,          0.897,         -0.288
 65.40,          0.905,         -0.296
 65.50,          0.914,         -0.305
 65.60,          0.922,         -0.315
 65.70,          0.931,         -0.324
 65.80,          0.939,         -0.334
 65.90,          0.948,         -0.344
 66.00,          0.956,         -0.355
 66.10,          0.965,         -0.366
 66.20,          0.973,         -0.377
 66.30,          0.981,         -0.389
 66.40,          0.990,         -0.401
 66.50,          0.998,         -0.414
 66.60,          1.006,         -0.427
 66.70,          1.014,         -0.441
 66.80,          1.022,         -0.455
 66.90,          1.029,         -0.469
 67.00,          1.037,         -0.484
 67.10,          1.044,         -0.500
 67.20,          1.051,         -0.516
 67.30,          1.058,         -0.533
 67.40,          1.064,         -0.550
 67.50,          1.071,         -0.568
 67.60,          1.077,         -0.587
 67.70,          1.082,         -0.606
 67.80,          1.088,         -0.626
 67.90,          1.093,         -0.647
 68.00,          1.098,         -0.668
 68.10,          1.103,         -0.690
 68.20,          1.108,         -0.714
 68.30,          1.112,         -0.737
 68.40,          1.115,         -0.762
 68.50,          1.119,         -0.788
 68.60,          1.122,         -0.814
 68.70,          1.124,         -0.842
 68.80,          1.126,         -0.870
 68.90,          1.128,         -0.899
 69.00,          1.129,         -0.930
 69.10,          1.129,         -0.961
 69.20,          1.129,         -0.993
 69.30,          1.128,         -1.027
 69.40,          1.126,         -1.062
 69.50,          1.123,         -1.098
 69.60,          1.120,         -1.135
 69.70,          1.116,         -1.173
 69.80,          1.111,         -1.212
 69.90,          1.105,         -1.253
 70.00,          1.098,         -1.295
 70.10,          1.091,         -1.338
 70.20,          1.082,         -1.382
 70.30,          1.072,         -1.428
 70.40,          1.061,         -1.475
 70.50,          1.049,         -1.524
 70.60,          1.036,         -1.573
 70.70,          1.022,         -1.625
 70.80,          1.007,         -1.677
 70.90,          0.991,         -1.731
 71.00,          0.974,         -1.786
 71.10,          0.955,         -1.842
 71.20,          0.935,         -1.899
 71.30,          0.915,         -1.958
 71.40,          0.893,         -2.018
 71.50,          0.870,         -2.079
 71.60,          0.846,         -2.141
 71.70,          0.821,         -2.204
 71.80,          0.794,         -2.268
 71.90,          0.767,         -2.333
 72.00,          0.739,         -2.399
 72.10,          0.710,         -2.466
 72.20,          0.680,         -2.532
 72.30,          0.650,         -2.600
 72.40,          0.618,         -2.667
 72.50,          0.586,         -2.735
 72.60,          0.554,         -2.802
 72.70,          0.520,         -2.870
 72.80,          0.487,         -2.936
 72.90,          0.453,         -3.002
 73.00,          0.420,         -3.066
 73.10,          0.386,         -3.129
 73.20,          0.353,         -3.190
 73.30,          0.319,         -3.249
 73.40,          0.287,         -3.305
 73.50,          0.255,         -3.358
 73.60,          0.224,         -3.408
 73.70,          0.193,         -3.453
 73.80,          0.164,         -3.494
 73.90,          0.136,         -3.530
 74.00,          0.110,         -3.561
 74.10,          0.086,         -3.586
 74.20,          0.063,         -3.606
 74.30,          0.042,         -3.620
 74.40,          0.023,         -3.630
 74.50,          0.007,         -3.634
 74.60,         -0.007,         -3.634
 74.70,         -0.019,         -3.630
 74.80,         -0.029,         -3.623
 74.90,         -0.037,         -3.613
 75.00,         -0.043,         -3.601
 75.10,         -0.048,         -3.587
 75.20,         -0.050,         -3.572
 75.30,         -0.052,         -3.556
 75.40,         -0.053,         -3.541
 75.50,         -0.054,         -3.525
 75.60,         -0.056,         -3.509
 75.70,         -0.058,         -3.494
 75.80,         -0.061,         -3.479
 75.90,         -0.067,         -3.464
 76.00,         -0.074,         -3.450
 76.10,         -0.085,         -3.435
 76.20,         -0.099,         -3.420
 76.30,         -0.117,         -3.403
 76.40,         -0.138,         -3.385
 76.50,         -0.163,         -3.365
 76.60,         -0.192,         -3.342
 76.70,         -0.225,         -3.315
 76.80,         -0.262,         -3.285
 76.90,         -0.302,         -3.251
 77.00,         -0.345,         -3.211
 77.10,         -0.390,         -3.165
 77.20,         -0.436,         -3.114
 77.30,         -0.484,         -3.057
 77.40,         -0.531,         -2.993
 77.50,         -0.579,         -2.924
 77.60,         -0.625,         -2.849
 77.70,         -0.669,         -2.769
 77.80,         -0.711,         -2.685
 77.90,         -0.750,         -2.598
 78.00,         -0.786,         -2.509
 78.10,         -0.819,         -2.418
 78.20,         -0.847,         -2.327
 78.30,         -0.873,         -2.238
 78.40,         -0.894,         -2.150
 78.50,         -0.912,         -2.065
 78.60,         -0.928,         -1.985
 78.70,         -0.940,         -1.909
 78.80,         -0.950,         -1.838
 78.90,         -0.958,         -1.773
 79.00,         -0.965,         -1.714
 79.10,         -0.970,         -1.661
 79.20,         -0.976,         -1.614
 79.30,         -0.981,         -1.572
 79.40,         -0.987,         -1.535
 79.50,         -0.994,         -1.502
 79.60,         -1.002,         -1.473
 79.70,         -1.011,         -1.446
 79.80,         -1.021,         -1.421
 79.90,         -1.033,         -1.397
 80.00,         -1.046,         -1.373
 80.10,         -1.060,         -1.349
 80.20,         -1.074,         -1.322
 80.30,         -1.089,         -1.294
 80.40,         -1.104,         -1.263
 80.50,         -1.119,         -1.229
 80.60,         -1.132,         -1.192
 80.70,         -1.145,         -1.152
 80.80,         -1.156,         -1.110
 80.90,         -1.165,         -1.065
 81.00,         -1.171,         -1.019
 81.10,         -1.176,         -0.971
 81.20,         -1.178,         -0.922
 81.30,         -1.177,         -0.874
 81.40,         -1.174,         -0.827
 81.50,         -1.168,         -0.781
 81.60,         -1.160,         -0.737
 81.70,         -1.150,         -0.697
 81.80,         -1.138,         -0.660
 81.90,         -1.125,         -0.626
 82.00,         -1.111,         -0.597
 82.10,         -1.096,         -0.573
 82.20,         -1.081,         -0.553
 82.30,         -1.067,         -0.537
 82.40,         -1.053,         -0.525
 82.50,         -1.040,         -0.517
 82.60,         -1.028,         -0.512
 82.70,         -1.018,         -0.509
 82.80,         -1.009,         -0.509
 82.90,         -1.002,         -0.509
 83.00,         -0.996,         -0.510
 83.10,         -0.992,         -0.510
 83.20,         -0.990,         -0.510
 83.30,         -0.988,         -0.508
 83.40,         -0.988,         -0.504
 83.50,         -0.988,         -0.498
 83.60,         -0.988,         -0.490
 83.70,         -0.988,         -0.478
 83.80,         -0.988,         -0.464
 83.90,         -0.988,         -0.447
 84.00,         -0.986,         -0.428
 84.10,         -0.983,         -0.406
 84.20,         -0.979,         -0.384
 84.30,         -0.973,         -0.360
 84.40,         -0.965,         -0.335
 84.50,         -0.956,         -0.310
 84.60,         -0.946,         -0.287
 84.70,         -0.934,         -0.264
 84.80,         -0.920,         -0.243
 84.90,         -0.906,         -0.224
 85.00,         -0.891,         -0.208
 85.10,         -0.876,         -0.195
 85.20,         -0.860,         -0.185
 85.30,         -0.845,         -0.177
 85.40,         -0.830,         -0.173
 85.50,         -0.815,         -0.172
 85.60,         -0.802,         -0.173
 85.70,         -0.790,         -0.177
 85.80,         -0.779,         -0.182
 85.90,         -0.769,         -0.188
 86.00,         -0.761,         -0.196
 86.10,         -0.755,         -0.203
 86.20,         -0.749,         -0.211
 86.30,         -0.745,         -0.217
 86.40,         -0.743,         -0.223
 86.50,         -0.740,         -0.226
 86.60,         -0.739,         -0.228
 86.70,         -0.738,         -0.228
 86.80,         -0.737,         -0.225
 86.90,         -0.736,         -0.220
 87.00,         -0.735,         -0.212
 87.10,         -0.733,         -0.203
 87.20,         -0.730,         -0.191
 87.30,         -0.726,         -0.178
 87.40,         -0.721,         -0.164
 87.50,         -0.715,         -0.150
 87.60,         -0.708,         -0.135
 87.70,         -0.699,         -0.120
 87.80,         -0.690,         -0.106
 87.90,         -0.680,         -0.092
 88.00,         -0.669,         -0.081
 88.10,         -0.657,         -0.071
 88.20,         -0.645,         -0.063
 88.30,         -0.633,         -0.057
 88.40,         -0.621,         -0.054
 88.50,         -0.609,         -0.053
 88.60,         -0.598,         -0.054
 88.70,         -0.588,         -0.057
 88.80,         -0.579,         -0.061
 88.90,         -0.571,         -0.068
 89.00,         -0.563,         -0.075
 89.10,         -0.557,         -0.083
 89.20,         -0.553,         -0.091
 89.30,         -0.549,         -0.099
 89.40,         -0.546,         -0.106
 89.50,         -0.544,         -0.112
 89.60,         -0.543,         -0.118
 89.70,         -0.542,         -0.121
 89.80,         -0.542,         -0.123
 89.90,         -0.542,         -0.123
 90.00,         -0.541,         -0.122
 90.10,         -0.541,         -0.118
 90.20,         -0.540,         -0.113
 90.30,         -0.538,         -0.106
 90.40,         -0.536,         -0.098
 90.50,         -0.532,         -0.088
 90.60,         -0.528,         -0.078
 90.70,         -0.523,         -0.068
 90.80,         -0.517,         -0.058
 90.90,         -0.511,         -0.048
 91.00,         -0.503,         -0.038
 91.10,         -0.495,         -0.030
 91.20,         -0.487,         -0.023
 91.30,         -0.478,         -0.017
 91.40,         -0.469,         -0.013
 91.50,         -0.461,         -0.011
 91.60,         -0.452,         -0.011
 91.70,         -0.444,         -0.012
 91.80,         -0.437,         -0.015
 91.90,         -0.430,         -0.019
 92.00,         -0.424,         -0.024
 92.10,         -0.419,         -0.030
 92.20,         -0.415,         -0.037
 92.30,         -0.411,         -0.044
 92.40,         -0.409,         -0.051
 92.50,         -0.407,         -0.057
 92.60,         -0.406,         -0.063
 92.70,         -0.405,         -0.068
 92.80,         -0.405,         -0.072
 92.90,         -0.405,         -0.075
 93.00,         -0.406,         -0.076
 93.10,         -0.406,         -0.076
 93.20,         -0.406,         -0.074
 93.30,         -0.405,         -0.071
 93.40,         -0.405,         -0.066
 93.50,         -0.403,         -0.061
 93.60,         -0.401,         -0.054
 93.70,         -0.399,         -0.047
 93.80,         -0.395,         -0.039
 93.90,         -0.391,         -0.032
 94.00,         -0.386,         -0.024
 94.10,         -0.381,         -0.017
 94.20,         -0.375,         -0.011
 94.30,         -0.369,         -0.006
 94.40,         -0.363,         -0.001
 94.50,         -0.357,          0.002
 94.60,         -0.350,          0.004
 94.70,         -0.344,          0.004
 94.80,         -0.338,          0.003
 94.90,         -0.333,          0.001
 95.00,         -0.328,         -0.002
 95.10,         -0.323,         -0.006
 95.20,         -0.319,         -0.011
 95.30,         -0.316,         -0.016
 95.40,         -0.314,         -0.022
 95.50,         -0.312,         -0.028
 95.60,         -0.311,         -0.033
 95.70,         -0.311,         -0.038
 95.80,         -0.311,         -0.042
 95.90,         -0.311,         -0.046
 96.00,         -0.311,         -0.049
 96.10,         -0.312,         -0.050
 96.20,         -0.312,         -0.050
 96.30,         -0.312,         -0.050
 96.40,         -0.312,         -0.048
 96.50,         -0.312,         -0.045
 96.60,         -0.311,         -0.041
 96.70,         -0.310,         -0.036
 96.80,         -0.308,         -0.031
 96.90,         -0.306,         -0.026
 97.00,         -0.303,         -0.020
 97.10,         -0.300,         -0.014
 97.20,         -0.296,         -0.009
 97.30,         -0.292,         -0.004
 97.40,         -0.287,          0.000
 97.50,         -0.283,          0.004
 97.60,         -0.278,          0.007
 97.70,         -0.273,          0.008
 97.80,         -0.268,          0.009
 97.90,         -0.264,          0.008
 98.00,         -0.260,          0.007
 98.10,         -0.256,          0.005
 98.20,         -0.253,          0.001
 98.30,         -0.250,         -0.002
 98.40,         -0.248,         -0.006
 98.50,         -0.246,         -0.011
 98.60,         -0.245,         -0.015
 98.70,         -0.244,         -0.020
 98.80,         -0.244,         -0.024
 98.90,         -0.244,         -0.028
 99.00,         -0.244,         -0.031
 99.10,         -0.245,         -0.033
 99.20,         -0.245,         -0.035
 99.30,         -0.246,         -0.035
 99.40,         -0.246,         -0.035
 99.50,         -0.246,         -0.034
 99.60,         -0.246,         -0.032
 99.70,         -0.246,         -0.029
 99.80,         -0.245,         -0.026
 99.90,         -0.244,         -0.022
100.00,         -0.242,         -0.018
