 TIME,FX_SUM,FY_SUM
  0.10,       3780.134,    -548136.377
  0.20,       3790.182,    -548126.924
  0.30,       3800.269,    -548117.433
  0.40,       3810.397,    -548107.904
  0.50,       3820.565,    -548098.337
  0.60,       3830.774,    -548088.732
  0.70,       3841.023,    -548079.088
  0.80,       3851.314,    -548069.406
  0.90,       3861.646,    -548059.685
  1.00,       3872.020,    -548049.924
  1.10,       3882.435,    -548040.125
  1.20,       3892.892,    -548030.286
  1.30,       3903.392,    -548020.407
  1.40,       3913.934,    -548010.488
  1.50,       3924.519,    -548000.530
  1.60,       3935.146,    -547990.530
  1.70,       3945.817,    -547980.491
  1.80,       3956.531,    -547970.410
  1.90,       3967.288,    -547960.289
  2.00,       3978.090,    -547950.126
  2.10,       3988.936,    -547939.921
  2.20,       3999.825,    -547929.676
  2.30,       4010.760,    -547919.388
  2.40,       4021.739,    -547909.058
  2.50,       4032.763,    -547898.685
  2.60,       4043.833,    -547888.270
  2.70,       4054.948,    -547877.812
  2.80,       4066.109,    -547867.311
  2.90,       4077.315,    -547856.767
  3.00,       4088.569,    -547846.179
  3.10,       4099.868,    -547835.548
  3.20,       4111.215,    -547824.872
  3.30,       4122.608,    -547814.152
  3.40,       4134.049,    -547803.388
  3.50,       4145.538,    -547792.579
  3.60,       4157.074,    -547781.725
  3.70,       4168.658,    -547770.825
  3.80,       4180.291,    -547759.880
  3.90,       4191.972,    -547748.890
  4.00,       4203.703,    -547737.853
  4.10,       4215.482,    -547726.770
  4.20,       4227.311,    -547715.641
  4.30,       4239.190,    -547704.464
  4.40,       4251.118,    -547693.241
  4.50,       4263.097,    -547681.970
  4.60,       4275.127,    -547670.652
  4.70,       4287.207,    -547659.286
  4.80,       4299.339,    -547647.872
  4.90,       4311.522,    -547636.409
  5.00,       4323.757,    -547624.898
  5.10,       4336.044,    -547613.337
  5.20,       4348.383,    -547601.728
  5.30,       4360.774,    -547590.069
  5.40,       4373.219,    -547578.360
  5.50,       4385.717,    -547566.601
  5.60,       4398.268,    -547554.792
  5.70,       4410.873,    -547542.932
  5.80,       4423.532,    -547531.022
  5.90,       4436.246,    -547519.060
  6.00,       4449.014,    -547507.046
  6.10,       4461.838,    -547494.981
  6.20,       4474.717,    -547482.864
  6.30,       4487.651,    -547470.694
  6.40,       4500.642,    -547458.471
  6.50,       4513.689,    -547446.196
  6.60,       4526.793,    -547433.867
  6.70,       4539.953,    -547421.485
  6.80,       4553.171,    -547409.048
  6.90,       4566.447,    -547396.558
  7.00,       4579.780,    -547384.013
  7.10,       4593.172,    -547371.413
  7.20,       4606.623,    -547358.758
  7.30,       4620.132,    -547346.047
  7.40,       4633.701,    -547333.280
  7.50,       4647.330,    -547320.457
  7.60,       4661.018,    -547307.578
  7.70,       4674.767,    -547294.642
  7.80,       4688.577,    -547281.649
  7.90,       4702.448,    -547268.598
  8.00,       4716.380,    -547255.490
  8.10,       4730.375,    -547242.323
  8.20,       4744.431,    -547229.098
  8.30,       4758.550,    -547215.813
  8.40,       4772.732,    -547202.470
  8.50,       4786.977,    -547189.067
  8.60,       4801.286,    -547175.604
  8.70,       4815.659,    -547162.081
  8.80,       4830.097,    -547148.497
  8.90,       4844.599,    -547134.852
  9.00,       4859.167,    -547121.146
  9.10,       4873.800,    -547107.378
  9.20,       4888.499,    -547093.548
  9.30,       4903.265,    -547079.656
  9.40,       4918.097,    -547065.700
  9.50,       4932.997,    -547051.682
  9.60,       4947.964,    -547037.600
  9.70,       4962.999,    -547023.453
  9.80,       4978.103,    -547009.243
  9.90,       4993.276,    -546994.967
 10.00,       5008.517,    -546980.627
 10.10,       5023.829,    -546966.221
 10.20,       5039.211,    -546951.749
 10.30,       5054.663,    -546937.210
 10.40,       5070.186,    -546922.605
 10.50,       5085.780,    -546907.933
 10.60,       5101.447,    -546893.193
 10.70,       5117.185,    -546878.385
 10.80,       5132.997,    -546863.508
 10.90,       5148.881,    -546848.563
 11.00,       5164.840,    -546833.548
 11.10,       5180.872,    -546818.464
 11.20,       5196.979,    -546803.310
 11.30,       5213.160,    -546788.085
 11.40,       5229.418,    -546772.789
 11.50,       5245.751,    -546757.422
 11.60,       5262.161,    -546741.982
 11.70,       5278.647,    -546726.471
 11.80,       5295.211,    -546710.886
 11.90,       5311.853,    -546695.229
 12.00,       5328.573,    -546679.497
 12.10,       5345.371,    -546663.692
 12.20,       5362.250,    -546647.812
 12.30,       5379.208,    -546631.857
 12.40,       5396.246,    -546615.826
 12.50,       5413.365,    -546599.719
 12.60,       5430.565,    -546583.536
 12.70,       5447.848,    -546567.275
 12.80,       5465.212,    -546550.938
 12.90,       5482.660,    -546534.522
 13.00,       5500.191,    -546518.027
 13.10,       5517.806,    -546501.454
 13.20,       5535.505,    -546484.801
 13.30,       5553.289,    -546468.069
 13.40,       5571.159,    -546451.255
 13.50,       5589.116,    -546434.361
 13.60,       5607.158,    -546417.385
 13.70,       5625.288,    -546400.328
 13.80,       5643.506,    -546383.187
 13.90,       5661.812,    -546365.963
 14.00,       5680.207,    -546348.656
 14.10,       5698.692,    -546331.265
 14.20,       5717.266,    -546313.789
 14.30,       5735.931,    -546296.227
 14.40,       5754.688,    -546278.580
 14.50,       5773.536,    -546260.846
 14.60,       5792.477,    -546243.025
 14.70,       5811.511,    -546225.117
 14.80,       5830.638,    -546207.121
 14.90,       5849.860,    -546189.036
 15.00,       5869.176,    -546170.861
 15.10,       5888.589,    -546152.597
 15.20,       5908.097,    -546134.243
 15.30,       5927.702,    -546115.797
 15.40,       5947.404,    -546097.260
 15.50,       5967.205,    -546078.630
 15.60,       5987.104,    -546059.908
 15.70,       6007.102,    -546041.092
 15.80,       6027.201,    -546022.182
 15.90,       6047.400,    -546003.177
 16.00,       6067.701,    -545984.077
 16.10,       6088.103,    -545964.881
 16.20,       6108.608,    -545945.588
 16.30,       6129.217,    -545926.198
 16.40,       6149.930,    -545906.711
 16.50,       6170.747,    -545887.124
 16.60,       6191.670,    -545867.438
 16.70,       6212.700,    -545847.653
 16.80,       6233.836,    -545827.766
 16.90,       6255.080,    -545807.779
 17.00,       6276.432,    -545787.689
 17.10,       6297.893,    -545767.497
 17.20,       6319.464,    -545747.202
 17.30,       6341.146,    -545726.802
 17.40,       6362.939,    -545706.298
 17.50,       6384.845,    -545685.688
 17.60,       6406.863,    -545664.972
 17.70,       6428.995,    -545644.149
 17.80,       6451.241,    -545623.218
 17.90,       6473.602,    -545602.179
 18.00,       6496.080,    -545581.031
 18.10,       6518.674,    -545559.773
 18.20,       6541.386,    -545538.404
 18.30,       6564.216,    -545516.924
 18.40,       6587.166,    -545495.331
 18.50,       6610.236,    -545473.626
 18.60,       6633.427,    -545451.806
 18.70,       6656.739,    -545429.873
 18.80,       6680.174,    -545407.823
 18.90,       6703.733,    -545385.658
 19.00,       6727.416,    -545363.376
 19.10,       6751.224,    -545340.976
 19.20,       6775.158,    -545318.457
 19.30,       6799.219,    -545295.818
 19.40,       6823.408,    -545273.060
 19.50,       6847.726,    -545250.180
 19.60,       6872.174,    -545227.178
 19.70,       6896.752,    -545204.053
 19.80,       6921.462,    -545180.805
 19.90,       6946.304,    -545157.432
 20.00,       6971.280,    -545133.933
 20.10,       6996.390,    -545110.308
 20.20,       7021.636,    -545086.555
 20.30,       7047.018,    -545062.675
 20.40,       7072.537,    -545038.665
 20.50,       7098.194,    -545014.525
 20.60,       7123.991,    -544990.253
 20.70,       7149.928,    -544965.850
 20.80,       7176.006,    -544941.314
 20.90,       7202.227,    -544916.644
 21.00,       7228.591,    -544891.840
 21.10,       7255.099,    -544866.899
 21.20,       7281.753,    -544841.821
 21.30,       7308.553,    -544816.606
 21.40,       7335.501,    -544791.252
 21.50,       7362.598,    -544765.758
 21.60,       7389.844,    -544740.123
 21.70,       7417.242,    -544714.346
 21.80,       7444.791,    -544688.426
 21.90,       7472.493,    -544662.362
 22.00,       7500.350,    -544636.153
 22.10,       7528.362,    -544609.797
 22.20,       7556.530,    -544583.295
 22.30,       7584.856,    -544556.644
 22.40,       7613.341,    -544529.844
 22.50,       7641.986,    -544502.893
 22.60,       7670.793,    -544475.790
 22.70,       7699.761,    -544448.535
 22.80,       7728.894,    -544421.125
 22.90,       7758.191,    -544393.561
 23.00,       7787.655,    -544365.840
 23.10,       7817.285,    -544337.961
 23.20,       7847.085,    -544309.924
 23.30,       7877.054,    -544281.727
 23.40,       7907.195,    -544253.369
 23.50,       7937.508,    -544224.849
 23.60,       7967.995,    -544196.165
 23.70,       7998.657,    -544167.317
 23.80,       8029.496,    -544138.302
 23.90,       8060.512,    -544109.120
 24.00,       8091.708,    -544079.769
 24.10,       8123.084,    -544050.249
 24.20,       8154.642,    -544020.557
 24.30,       8186.384,    -543990.693
 24.40,       8218.310,    -543960.655
 24.50,       8250.422,    -543930.441
 24.60,       8282.723,    -543900.052
 24.70,       8315.212,    -543869.484
 24.80,       8347.892,    -543838.737
 24.90,       8380.764,    -543807.809
 25.00,       8413.830,    -543776.699
 25.10,       8447.090,    -543745.405
 25.20,       8480.548,    -543713.927
 25.30,       8514.203,    -543682.262
 25.40,       8548.059,    -543650.409
 25.50,       8582.115,    -543618.367
 25.60,       8616.375,    -543586.134
 25.70,       8650.839,    -543553.708
 25.80,       8685.509,    -543521.089
 25.90,       8720.387,    -543488.274
 26.00,       8755.474,    -543455.262
 26.10,       8790.772,    -543422.051
 26.20,       8826.283,    -543388.640
 26.30,       8862.009,    -543355.028
 26.40,       8897.951,    -543321.212
 26.50,       8934.111,    -543287.190
 26.60,       8970.490,    -543252.963
 26.70,       9007.091,    -543218.527
 26.80,       9043.915,    -543183.880
 26.90,       9080.965,    -543149.022
 27.00,       9118.241,    -543113.951
 27.10,       9155.746,    -543078.664
 27.20,       9193.482,    -543043.161
 27.30,       9231.450,    -543007.438
 27.40,       9269.652,    -542971.496
 27.50,       9308.091,    -542935.330
 27.60,       9346.768,    -542898.941
 27.70,       9385.685,    -542862.326
 27.80,       9424.845,    -542825.482
 27.90,       9464.249,    -542788.409
 28.00,       9503.899,    -542751.104
 28.10,       9543.797,    -542713.566
 28.20,       9583.946,    -542675.792
 28.30,       9624.347,    -542637.781
 28.40,       9665.002,    -542599.530
 28.50,       9705.915,    -542561.038
 28.60,       9747.086,    -542522.302
 28.70,       9788.518,    -542483.320
 28.80,       9830.213,    -542444.091
 28.90,       9872.174,    -542404.613
 29.00,       9914.402,    -542364.882
 29.10,       9956.901,    -542324.898
 29.20,       9999.671,    -542284.657
 29.30,      10042.716,    -542244.158
 29.40,      10086.038,    -542203.399
 29.50,      10129.639,    -542162.377
 29.60,      10173.522,    -542121.089
 29.70,      10217.689,    -542079.535
 29.80,      10262.143,    -542037.711
 29.90,      10306.885,    -541995.615
 30.00,      10351.919,    -541953.245
 30.10,      10397.247,    -541910.599
 30.20,      10442.871,    -541867.673
 30.30,      10488.794,    -541824.466
 30.40,      10535.020,    -541780.976
 30.50,      10581.549,    -541737.199
 30.60,      10628.385,    -541693.133
 30.70,      10675.532,    -541648.775
 30.80,      10722.990,    -541604.124
 30.90,      10770.764,    -541559.176
 31.00,      10818.856,    -541513.930
 31.10,      10867.268,    -541468.381
 31.20,      10916.004,    -541422.528
 31.30,      10965.066,    -541376.368
 31.40,      11014.458,    -541329.898
 31.50,      11064.182,    -541283.115
 31.60,      11114.242,    -541236.017
 31.70,      11164.639,    -541188.601
 31.80,      11215.378,    -541140.864
 31.90,      11266.461,    -541092.802
 32.00,      11317.892,    -541044.414
 32.10,      11369.673,    -540995.696
 32.20,      11421.808,    -540946.645
 32.30,      11474.300,    -540897.258
 32.40,      11527.152,    -540847.533
 32.50,      11580.368,    -540797.465
 32.60,      11633.951,    -540747.052
 32.70,      11687.904,    -540696.291
 32.80,      11742.230,    -540645.179
 32.90,      11796.933,    -540593.712
 33.00,      11852.017,    -540541.887
 33.10,      11907.485,    -540489.700
 33.20,      11963.340,    -540437.149
 33.30,      12019.586,    -540384.230
 33.40,      12076.227,    -540330.940
 33.50,      12133.267,    -540277.275
 33.60,      12190.709,    -540223.231
 33.70,      12248.556,    -540168.806
 33.80,      12306.814,    -540113.995
 33.90,      12365.485,    -540058.795
 34.00,      12424.573,    -540003.202
 34.10,      12484.083,    -539947.213
 34.20,      12544.018,    -539890.824
 34.30,      12604.383,    -539834.031
 34.40,      12665.181,    -539776.829
 34.50,      12726.417,    -539719.217
 34.60,      12788.094,    -539661.188
 34.70,      12850.218,    -539602.740
 34.80,      12912.792,    -539543.868
 34.90,      12975.820,    -539484.568
 35.00,      13039.308,    -539424.837
 35.10,      13103.259,    -539364.669
 35.20,      13167.678,    -539304.062
 35.30,      13232.569,    -539243.010
 35.40,      13297.937,    -539181.509
 35.50,      13363.788,    -539119.554
 35.60,      13430.124,    -539057.143
 35.70,      13496.952,    -538994.269
 35.80,      13564.276,    -538930.928
 35.90,      13632.101,    -538867.116
 36.00,      13700.431,    -538802.828
 36.10,      13769.273,    -538738.060
 36.20,      13838.630,    -538672.806
 36.30,      13908.508,    -538607.063
 36.40,      13978.913,    -538540.824
 36.50,      14049.849,    -538474.085
 36.60,      14121.321,    -538406.841
 36.70,      14193.336,    -538339.087
 36.80,      14265.899,    -538270.818
 36.90,      14339.014,    -538202.028
 37.00,      14412.688,    -538132.713
 37.10,      14486.927,    -538062.867
 37.20,      14561.736,    -537992.485
 37.30,      14637.121,    -537921.561
 37.40,      14713.087,    -537850.089
 37.50,      14789.641,    -537778.065
 37.60,      14866.789,    -537705.482
 37.70,      14944.537,    -537632.334
 37.80,      15022.890,    -537558.617
 37.90,      15101.856,    -537484.323
 38.00,      15181.441,    -537409.448
 38.10,      15261.651,    -537333.984
 38.20,      15342.492,    -537257.927
 38.30,      15423.971,    -537181.269
 38.40,      15506.095,    -537104.004
 38.50,      15588.870,    -537026.127
 38.60,      15672.304,    -536947.630
 38.70,      15756.404,    -536868.507
 38.80,      15841.175,    -536788.752
 38.90,      15926.626,    -536708.358
 39.00,      16012.764,    -536627.317
 39.10,      16099.595,    -536545.624
 39.20,      16187.128,    -536463.270
 39.30,      16275.370,    -536380.250
 39.40,      16364.329,    -536296.556
 39.50,      16454.011,    -536212.181
 39.60,      16544.425,    -536127.117
 39.70,      16635.580,    -536041.357
 39.80,      16727.482,    -535954.893
 39.90,      16820.140,    -535867.718
 40.00,      16913.562,    -535779.825
 40.10,      17007.757,    -535691.204
 40.20,      17102.733,    -535601.849
 40.30,      17198.499,    -535511.750
 40.40,      17295.062,    -535420.901
 40.50,      17392.433,    -535329.293
 40.60,      17490.620,    -535236.917
 40.70,      17589.632,    -535143.765
 40.80,      17689.478,    -535049.828
 40.90,      17790.167,    -534955.097
 41.00,      17891.710,    -534859.564
 41.10,      17994.115,    -534763.220
 41.20,      18097.392,    -534666.055
 41.30,      18201.551,    -534568.060
 41.40,      18306.602,    -534469.227
 41.50,      18412.555,    -534369.544
 41.60,      18519.420,    -534269.004
 41.70,      18627.208,    -534167.595
 41.80,      18735.929,    -534065.309
 41.90,      18845.593,    -533962.135
 42.00,      18956.213,    -533858.062
 42.10,      19067.798,    -533753.081
 42.20,      19180.360,    -533647.182
 42.30,      19293.910,    -533540.352
 42.40,      19408.460,    -533432.583
 42.50,      19524.021,    -533323.862
 42.60,      19640.605,    -533214.178
 42.70,      19758.223,    -533103.521
 42.80,      19876.889,    -532991.879
 42.90,      19996.614,    -532879.241
 43.00,      20117.411,    -532765.594
 43.10,      20239.293,    -532650.926
 43.20,      20362.272,    -532535.227
 43.30,      20486.361,    -532418.482
 43.40,      20611.574,    -532300.681
 43.50,      20737.924,    -532181.810
 43.60,      20865.425,    -532061.856
 43.70,      20994.090,    -531940.807
 43.80,      21123.934,    -531818.649
 43.90,      21254.971,    -531695.369
 44.00,      21387.215,    -531570.953
 44.10,      21520.682,    -531445.387
 44.20,      21655.390,    -531318.860
 44.30,      21791.589,    -531200.001
 44.40,      21929.560,    -531097.895
 44.50,      22069.443,    -531013.743
 44.60,      22211.501,    -530954.703
 44.70,      22356.113,    -530929.847
 44.80,      22505.168,    -530968.153
 44.90,      22659.266,    -531079.951
 45.00,      22819.433,    -531285.259
 45.10,      22986.413,    -531600.130
 45.20,      23161.366,    -532053.214
 45.30,      23345.574,    -532664.098
 45.40,      23541.735,    -533495.733
 45.50,      23753.598,    -534627.436
 45.60,      23980.153,    -536060.713
 45.70,      24216.229,    -537685.172
 45.80,      24462.853,    -539502.977
 45.90,      24722.517,    -541564.796
 46.00,      25002.047,    -543966.033
 46.10,      25296.886,    -546612.264
 46.20,      25606.403,    -549488.070
 46.30,      25925.600,    -552498.364
 46.40,      26256.236,    -555674.740
 46.50,      26596.395,    -558973.662
 46.60,      26945.684,    -562383.090
 46.70,      27303.203,    -565870.061
 46.80,      27668.848,    -569431.686
 46.90,      28044.797,    -573096.250
 47.00,      28428.189,    -576814.794
 47.10,      28818.659,    -580576.122
 47.20,      29214.967,    -584361.174
 47.30,      29619.388,    -588202.298
 47.40,      30031.185,    -592089.936
 47.50,      30450.676,    -596022.009
 47.60,      30878.173,    -600006.981
 47.70,      31311.333,    -604002.254
 47.80,      31751.652,    -608024.657
 47.90,      32199.927,    -612092.704
 48.00,      32658.037,    -616234.435
 48.10,      33124.179,    -620410.345
 48.20,      33597.129,    -624602.113
 48.30,      34078.297,    -628836.050
 48.40,      34567.918,    -633115.011
 48.50,      35067.689,    -637450.513
 48.60,      35575.429,    -641818.487
 48.70,      36092.716,    -646233.560
 48.80,      36619.082,    -650689.397
 48.90,      37154.954,    -655192.049
 49.00,      37700.180,    -659730.147
 49.10,      38256.318,    -664330.430
 49.20,      38822.538,    -668978.819
 49.30,      39398.915,    -673664.588
 49.40,      39985.153,    -678389.185
 49.50,      40581.522,    -683148.681
 49.60,      41190.001,    -687971.934
 49.70,      41809.542,    -692841.054
 49.80,      42441.222,    -697763.743
 49.90,      43083.883,    -702729.360
 50.00,      43738.298,    -707738.186
 50.10,      44404.130,    -712787.832
 50.20,      45083.813,    -717909.614
 50.30,      45777.194,    -723094.077
 50.40,      46482.777,    -728317.258
 50.50,      47201.850,    -733593.726
 50.60,      47934.303,    -738923.380
 50.70,      48680.911,    -744308.298
 50.80,      49442.449,    -749747.879
 50.90,      50219.448,    -755258.552
 51.00,      51012.114,    -760836.674
 51.10,      51819.652,    -766461.233
 51.20,      52641.471,    -772128.928
 51.30,      53480.868,    -777876.740
 51.40,      54338.488,    -783709.393
 51.50,      55211.529,    -789585.290
 51.60,      56101.350,    -795506.610
 51.70,      57009.733,    -801508.954
 51.80,      57937.488,    -807592.767
 51.90,      58883.987,    -813736.657
 52.00,      59848.690,    -819933.308
 52.10,      60832.148,    -826192.410
 52.20,      61836.651,    -832533.076
 52.30,      62861.667,    -838944.535
 52.40,      63905.791,    -845394.904
 52.50,      64972.354,    -851926.676
 52.60,      66062.453,    -858555.499
 52.70,      67174.367,    -865248.831
 52.80,      68307.900,    -871989.647
 52.90,      69464.387,    -878801.116
 53.00,      70646.034,    -885704.509
 53.10,      71854.422,    -892698.508
 53.20,      73086.745,    -899748.976
 53.30,      74344.472,    -906869.330
 53.40,      75630.648,    -914096.658
 53.50,      76945.085,    -921410.970
 53.60,      78286.283,    -928792.712
 53.70,      79655.315,    -936245.637
 53.80,      81053.624,    -943780.915
 53.90,      82482.168,    -951400.167
 54.00,      83943.840,    -959123.368
 54.10,      85439.193,    -966951.566
 54.20,      86966.349,    -974859.299
 54.30,      88525.399,    -982839.657
 54.40,      90118.312,    -990908.172
 54.50,      91745.641,    -999063.417
 54.60,      93411.193,   -1007328.166
 54.70,      95113.598,   -1015678.863
 54.80,      96853.880,   -1024119.137
 54.90,      98633.473,   -1032663.253
 55.00,     100453.535,   -1041305.603
 55.10,     102315.727,   -1050060.636
 55.20,     104220.693,   -1058915.155
 55.30,     106169.382,   -1067875.173
 55.40,     108159.935,   -1076908.562
 55.50,     110197.511,   -1086062.870
 55.60,     112284.649,   -1095342.796
 55.70,     114420.676,   -1104732.495
 55.80,     116606.312,   -1114230.655
 55.90,     118843.533,   -1123840.914
 56.00,     121135.209,   -1133582.315
 56.10,     123480.639,   -1143437.776
 56.20,     125880.487,   -1153395.394
 56.30,     128336.131,   -1163457.567
 56.40,     130852.486,   -1173658.573
 56.50,     133431.186,   -1183993.795
 56.60,     136071.086,   -1194442.426
 56.70,     138773.723,   -1204998.585
 56.80,     141542.988,   -1215690.353
 56.90,     144381.377,   -1226516.341
 57.00,     147290.411,   -1237480.987
 57.10,     150271.759,   -1248585.518
 57.20,     153325.517,   -1259817.473
 57.30,     156450.491,   -1271142.970
 57.40,     159653.855,   -1282606.900
 57.50,     162940.744,   -1294231.372
 57.60,     166313.340,   -1306016.756
 57.70,     169772.053,   -1317941.966
 57.80,     173317.867,   -1330005.134
 57.90,     176952.870,   -1342208.356
 58.00,     180679.262,   -1354549.467
 58.10,     184501.522,   -1367038.329
 58.20,     188423.382,   -1379682.772
 58.30,     192450.927,   -1392509.209
 58.40,     196583.974,   -1405497.628
 58.50,     200823.810,   -1418628.560
 58.60,     205170.443,   -1431883.975
 58.70,     209632.395,   -1445308.364
 58.80,     214215.638,   -1458913.878
 58.90,     218924.065,   -1472701.705
 59.00,     223759.212,   -1486657.441
 59.10,     228721.551,   -1500763.019
 59.20,     233815.387,   -1515019.351
 59.30,     239046.808,   -1529450.446
 59.40,     244427.232,   -1544108.797
 59.50,     249950.506,   -1558906.914
 59.60,     255627.083,   -1573887.840
 59.70,     261457.693,   -1589039.946
 59.80,     267451.781,   -1604380.989
 59.90,     273615.442,   -1619920.516
 60.00,     279958.012,   -1635689.966
 60.10,     286471.048,   -1651593.419
 60.20,     293170.977,   -1667702.080
 60.30,     300062.485,   -1684023.714
 60.40,     307150.359,   -1700541.428
 60.50,     314438.178,   -1717232.880
 60.60,     321934.152,   -1734123.504
 60.70,     329651.853,   -1751242.579
 60.80,     337588.429,   -1768530.089
 60.90,     345761.664,   -1786052.985
 61.00,     354172.063,   -1803765.038
 61.10,     362829.553,   -1821680.210
 61.20,     371745.405,   -1839818.651
 61.30,     380926.568,   -1858170.411
 61.40,     390384.839,   -1876747.378
 61.50,     400119.570,   -1895505.051
 61.60,     410152.049,   -1914511.723
 61.70,     420479.643,   -1933694.468
 61.80,     431127.443,   -1953121.830
 61.90,     442101.879,   -1972770.656
 62.00,     453414.929,   -1992656.236
 62.10,     465081.580,   -2012778.349
 62.20,     477099.595,   -2033077.809
 62.30,     489492.643,   -2053616.249
 62.40,     502269.960,   -2074365.115
 62.50,     515449.367,   -2095337.876
 62.60,     529048.931,   -2116550.369
 62.70,     543074.506,   -2137966.738
 62.80,     557555.365,   -2159650.999
 62.90,     572469.440,   -2181447.358
 63.00,     587873.253,   -2203505.712
 63.10,     603775.305,   -2225786.958
 63.20,     620195.276,   -2248304.111
 63.30,     637146.983,   -2271019.849
 63.40,     654647.908,   -2293936.758
 63.50,     672715.827,   -2317051.805
 63.60,     691379.693,   -2340382.363
 63.70,     710652.157,   -2363897.555
 63.80,     730559.467,   -2387600.048
 63.90,     751133.891,   -2411517.608
 64.00,     772391.742,   -2435599.831
 64.10,     794373.341,   -2459902.924
 64.20,     817076.089,   -2484320.197
 64.30,     840569.119,   -2508978.313
 64.40,     864837.798,   -2533746.632
 64.50,     889940.792,   -2558699.800
 64.60,     915884.954,   -2583761.718
 64.70,     942717.435,   -2608965.162
 64.80,     970480.190,   -2634319.506
 64.90,     999198.449,   -2659776.618
 65.00,    1028918.211,   -2685355.453
 65.10,    1059652.832,   -2710981.043
 65.20,    1091470.456,   -2736715.480
 65.30,    1124382.142,   -2762477.828
 65.40,    1158451.706,   -2788302.499
 65.50,    1193713.677,   -2814141.261
 65.60,    1230229.136,   -2840011.799
 65.70,    1268021.555,   -2865857.030
 65.80,    1307137.463,   -2891654.963
 65.90,    1347651.149,   -2917404.063
 66.00,    1389623.798,   -2943118.933
 66.10,    1433077.946,   -2968688.531
 66.20,    1478084.979,   -2994151.680
 66.30,    1524694.239,   -3019437.068
 66.40,    1573019.386,   -3044609.095
 66.50,    1623059.880,   -3069543.321
 66.60,    1674899.658,   -3094223.511
 66.70,    1728602.758,   -3118629.859
 66.80,    1784238.708,   -3142686.565
 66.90,    1841938.815,   -3166477.612
 67.00,    1901662.475,   -3189771.376
 67.10,    1963593.506,   -3212679.143
 67.20,    2027758.504,   -3235082.441
 67.30,    2094236.369,   -3256954.278
 67.40,    2163152.935,   -3278262.449
 67.50,    2234541.998,   -3298903.349
 67.60,    2308565.243,   -3318911.846
 67.70,    2385164.251,   -3338052.850
 67.80,    2464653.577,   -3356491.104
 67.90,    2546908.616,   -3373966.021
 68.00,    2632132.744,   -3390481.139
 68.10,    2720508.005,   -3406074.024
 68.20,    2812032.541,   -3420583.997
 68.30,    2906716.932,   -3433804.544
 68.40,    3004825.657,   -3445831.177
 68.50,    3106506.498,   -3456630.532
 68.60,    3211748.279,   -3466003.149
 68.70,    3320546.961,   -3473741.315
 68.80,    3433220.397,   -3479965.110
 68.90,    3549804.241,   -3484514.372
 69.00,    3670435.480,   -3487328.106
 69.10,    3795117.608,   -3488208.583
 69.20,    3924204.098,   -3487296.876
 69.30,    4057456.116,   -3484161.274
 69.40,    4195225.266,   -3478941.731
 69.50,    4337568.107,   -3471492.225
 69.60,    4484438.937,   -3461594.015
 69.70,    4636028.952,   -3449224.474
 69.80,    4792445.160,   -3434332.623
 69.90,    4953744.111,   -3416774.301
 70.00,    5119969.988,   -3396426.725
 70.10,    5291168.579,   -3373217.359
 70.20,    5467004.201,   -3346815.885
 70.30,    5647167.330,   -3316982.746
 70.40,    5831400.640,   -3283567.492
 70.50,    6019951.772,   -3246680.774
 70.60,    6212555.044,   -3206241.421
 70.70,    6409368.106,   -3162248.770
 70.80,    6610332.809,   -3114720.052
 70.90,    6814682.544,   -3063317.489
 71.00,    7021377.406,   -3007727.294
 71.10,    7229998.915,   -2947818.928
 71.20,    7440000.904,   -2883744.003
 71.30,    7651713.087,   -2815883.032
 71.40,    7864529.438,   -2744313.314
 71.50,    8077091.636,   -2668723.189
 71.60,    8289904.233,   -2589764.463
 71.70,    8502348.613,   -2507657.564
 71.80,    8713855.786,   -2422374.127
 71.90,    8923751.837,   -2334065.053
 72.00,    9131414.044,   -2243152.543
 72.10,    9336595.774,   -2149995.297
 72.20,    9538539.330,   -2054782.609
 72.30,    9736584.386,   -1957726.185
 72.40,    9930449.795,   -1859353.659
 72.50,   10120221.530,   -1759941.831
 72.60,   10305083.671,   -1659805.009
 72.70,   10482132.582,   -1558015.738
 72.80,   10650224.129,   -1455174.365
 72.90,   10809365.172,   -1352315.618
 73.00,   10959242.741,   -1250252.457
 73.10,   11099939.770,   -1149786.892
 73.20,   11230738.254,   -1051355.253
 73.30,   11351753.460,    -955603.721
 73.40,   11460084.864,    -862912.946
 73.50,   11559093.554,    -774001.118
 73.60,   11649853.273,    -689353.422
 73.70,   11733190.256,    -609365.938
 73.80,   11805872.884,    -534170.962
 73.90,   11873102.501,    -464273.426
 74.00,   11935072.959,    -399697.061
 74.10,   11991424.441,    -340396.433
 74.20,   12041296.480,    -286259.093
 74.30,   12085114.131,    -237116.661
 74.40,   12123138.805,    -192725.646
 74.50,   12155384.474,    -152804.807
 74.60,   12181952.500,    -116924.866
 74.70,   12202674.278,     -84479.993
 74.80,   12217466.011,     -54830.531
 74.90,   12226352.577,     -27057.216
 75.00,   12229325.267,         -1.843
 75.10,   12226372.354,      27052.376
 75.20,   12217505.490,      54822.249
 75.30,   12202733.293,      84467.631
 75.40,   12182030.730,     116908.499
 75.50,   12155481.608,     152784.534
 75.60,   12123254.345,     192701.585
 75.70,   12085247.648,     237088.954
 75.80,   12041447.385,     286227.900
 75.90,   11991592.014,     340361.932
 76.00,   11935256.521,     399659.447
 76.10,   11873301.418,     464232.909
 76.20,   11806086.447,     534127.761
 76.30,   11733417.669,     609320.286
 76.40,   11650093.219,     689305.550
 76.50,   11559344.966,     773951.263
 76.60,   11460346.997,     862861.358
 76.70,   11352025.717,     955550.655
 76.80,   11231019.799,    1051300.958
 76.90,   11100229.800,    1149731.630
 77.00,   10959539.591,    1250196.432
 77.10,   10809668.072,    1352259.070
 77.20,   10650532.206,    1455117.517
 77.30,   10482445.235,    1557958.836
 77.40,   10305399.885,    1659748.245
 77.50,   10120540.497,    1759885.405
 77.60,    9930770.657,    1859297.745
 77.70,    9736906.519,    1957670.989
 77.80,    9538861.532,    2054728.240
 77.90,    9336917.825,    2149942.121
 78.00,    9131736.043,    2243100.928
 78.10,    8924070.867,    2334013.567
 78.20,    8714173.502,    2422324.498
 78.30,    8502663.634,    2507609.543
 78.40,    8290216.330,    2589718.031
 78.50,    8077400.447,    2668678.420
 78.60,    7864834.802,    2744270.322
 78.70,    7652013.502,    2815841.719
 78.80,    7440297.176,    2883704.547
 78.90,    7230290.008,    2947781.262
 79.00,    7021663.305,    3007691.445
 79.10,    6814963.198,    3063283.536
 79.20,    6610607.921,    3114687.959
 79.30,    6409637.673,    3162218.571
 79.40,    6212818.930,    3206213.093
 79.50,    6020210.010,    3246654.369
 79.60,    5831652.858,    3283542.863
 79.70,    5647413.678,    3316959.966
 79.80,    5467244.390,    3346794.842
 79.90,    5291402.597,    3373198.007
 80.00,    5120198.030,    3396409.109
 80.10,    4953966.161,    3416758.330
 80.20,    4792661.187,    3434318.287
 80.30,    4636239.394,    3449211.808
 80.40,    4484643.083,    3461582.714
 80.50,    4337766.809,    3471482.517
 80.60,    4195418.097,    3478933.412
 80.70,    4057643.041,    3484154.220
 80.80,    3924385.668,    3487291.202
 80.90,    3795293.403,    3488204.057
 81.00,    3670606.032,    3487324.831
 81.10,    3549969.605,    3484512.256
 81.20,    3433380.938,    3479964.226
 81.30,    3320702.358,    3473741.451
 81.40,    3211898.790,    3466004.280
 81.50,    3106652.208,    3456632.644
 81.60,    3004966.879,    3445834.219
 81.70,    2906853.493,    3433808.434
 81.80,    2812164.691,    3420588.687
 81.90,    2720635.893,    3406079.508
 82.00,    2632256.396,    3390487.319
 82.10,    2547028.219,    3373972.893
 82.20,    2464769.464,    3356498.711
 82.30,    2385276.160,    3338060.997
 82.40,    2308673.617,    3318920.671
 82.50,    2234646.693,    3298912.633
 82.60,    2163254.160,    3278272.223
 82.70,    2094334.214,    3256964.527
 82.80,    2027853.136,    3235093.140
 82.90,    1963684.883,    3212690.179
 83.00,    1901750.798,    3189782.753
 83.10,    1842024.297,    3166489.450
 83.20,    1784321.388,    3142698.727
 83.30,    1728682.792,    3118642.416
 83.40,    1674976.831,    3094236.172
 83.50,    1623134.489,    3069556.255
 83.60,    1573091.527,    3044622.251
 83.70,    1524763.979,    3019450.446
 83.80,    1478152.293,    2994165.122
 83.90,    1433143.112,    2968702.207
 84.00,    1389686.861,    2943132.794
 84.10,    1347712.128,    2917418.053
 84.20,    1307196.430,    2891669.058
 84.30,    1268078.566,    2865871.240
 84.40,    1230284.247,    2840026.060
 84.50,    1193767.034,    2814155.659
 84.60,    1158503.350,    2788316.964
 84.70,    1124432.034,    2762492.274
 84.80,    1091518.690,    2736729.914
 84.90,    1059699.446,    2710995.469
 85.00,    1028963.367,    2685369.920
 85.10,     999242.247,    2659791.215
 85.20,     970522.529,    2634334.015
 85.30,     942758.478,    2608979.760
 85.40,     915924.579,    2583776.168
 85.50,     889979.134,    2558714.161
 85.60,     864874.932,    2533761.031
 85.70,     840604.939,    2508992.448
 85.80,     817110.807,    2484334.342
 85.90,     794406.988,    2459917.045
 86.00,     772424.408,    2435613.955
 86.10,     751165.477,    2411531.620
 86.20,     730590.081,    2387614.030
 86.30,     710681.840,    2363911.438
 86.40,     691408.472,    2340396.235
 86.50,     672743.648,    2317065.460
 86.60,     654674.839,    2293950.302
 86.70,     637173.077,    2271033.288
 86.80,     620220.623,    2248317.539
 86.90,     603799.995,    2225800.432
 87.00,     587897.117,    2203518.974
 87.10,     572492.536,    2181460.465
 87.20,     557577.726,    2159663.925
 87.30,     543096.193,    2137979.570
 87.40,     529070.036,    2116563.211
 87.50,     515469.820,    2095350.540
 87.60,     502289.841,    2074377.750
 87.70,     489511.863,    2053628.618
 87.80,     477118.240,    2033090.092
 87.90,     465099.675,    2012790.477
 88.00,     453432.509,    1992668.302
 88.10,     442119.008,    1972782.727
 88.20,     431144.036,    1953133.707
 88.30,     420495.792,    1933706.318
 88.40,     410167.680,    1914523.327
 88.50,     400134.739,    1895516.519
 88.60,     390399.564,    1876758.715
 88.70,     380940.868,    1858181.584
 88.80,     371759.341,    1839829.830
 88.90,     362843.040,    1821691.150
 89.00,     354185.202,    1803775.953
 89.10,     345774.453,    1786063.799
 89.20,     337600.867,    1768540.798
 89.30,     329663.942,    1751253.191
 89.40,     321945.925,    1734134.035
 89.50,     314449.604,    1717243.238
 89.60,     307161.454,    1700551.631
 89.70,     300073.300,    1684033.866
 89.80,     293181.458,    1667712.023
 89.90,     286481.252,    1651603.265
 90.00,     279967.953,    1635699.766
 90.10,     273625.136,    1619930.228
 90.20,     267461.197,    1604390.540
 90.30,     261466.877,    1589049.472
 90.40,     255635.997,    1573897.168
 90.50,     249959.200,    1558916.176
 90.60,     244435.675,    1544117.924
 90.70,     239055.044,    1529459.484
 90.80,     233823.383,    1515028.221
 90.90,     228729.342,    1500771.820
 91.00,     223766.803,    1486666.146
 91.10,     218931.464,    1472710.318
 91.20,     214222.885,    1458922.474
 91.30,     209639.450,    1445316.877
 91.40,     205177.328,    1431892.391
 91.50,     200830.492,    1418636.798
 91.60,     196590.480,    1405505.762
 91.70,     192457.282,    1392517.306
 91.80,     188429.569,    1379690.721
 91.90,     184507.580,    1367046.263
 92.00,     180685.161,    1354557.319
 92.10,     176958.599,    1342216.039
 92.20,     173323.439,    1330012.681
 92.30,     169777.483,    1317949.403
 92.40,     166318.662,    1306024.169
 92.50,     162945.964,    1294238.814
 92.60,     159658.957,    1282614.261
 92.70,     156455.457,    1271150.226
 92.80,     153330.346,    1259824.591
 92.90,     150276.444,    1248592.464
 93.00,     147294.992,    1237487.877
 93.10,     144385.859,    1226523.164
 93.20,     141547.388,    1215697.180
 93.30,     138778.014,    1205005.364
 93.40,     136075.276,    1194449.103
 93.50,     133435.263,    1184000.364
 93.60,     130856.493,    1173665.139
 93.70,     128340.031,    1163464.002
 93.80,     125884.305,    1153401.788
 93.90,     123484.355,    1143444.050
 94.00,     121138.842,    1133588.531
 94.10,     118847.074,    1123847.006
 94.20,     116609.770,    1114236.679
 94.30,     114424.071,    1104738.516
 94.40,     112287.950,    1095348.681
 94.50,     110200.769,    1086068.792
 94.60,     108163.100,    1076914.364
 94.70,     106172.472,    1067880.876
 94.80,     104223.710,    1058920.790
 94.90,     102318.680,    1050066.222
 95.00,     100456.410,    1041311.073
 95.10,      98636.298,    1032668.716
 95.20,      96856.641,    1024124.540
 95.30,      95116.300,    1015684.182
 95.40,      93413.843,    1007333.469
 95.50,      91748.245,     999068.719
 95.60,      90120.844,     990913.352
 95.70,      88527.881,     982844.771
 95.80,      86968.763,     974864.312
 95.90,      85441.558,     966956.511
 96.00,      83946.165,     959128.330
 96.10,      82484.454,     951405.118
 96.20,      81055.871,     943785.865
 96.30,      79657.491,     936250.418
 96.40,      78288.423,     928797.487
 96.50,      76947.157,     921415.579
 96.60,      75632.689,     914101.260
 96.70,      74346.476,     906873.947
 96.80,      73088.702,     899753.466
 96.90,      71856.334,     892702.944
 97.00,      70647.930,     885709.018
 97.10,      69466.245,     878805.605
 97.20,      68309.704,     871993.966
 97.30,      67176.130,     865253.078
 97.40,      66064.179,     858559.695
 97.50,      64974.054,     851930.914
 97.60,      63907.456,     845399.067
 97.70,      62863.306,     838948.676
 97.80,      61838.246,     832537.111
 97.90,      60833.725,     826196.516
 98.00,      59850.227,     819937.310
 98.10,      58885.486,     813740.545
 98.20,      57938.976,     807596.764
 98.30,      57011.186,     801512.830
 98.40,      56102.780,     795510.505
 98.50,      55212.926,     789589.110
 98.60,      54339.849,     783713.101
 98.70,      53482.208,     777880.465
 98.80,      52642.791,     772132.646
 98.90,      51820.928,     766464.797
 99.00,      51013.370,     760840.226
 99.10,      50220.684,     755262.102
 99.20,      49443.656,     749751.329
 99.30,      48682.112,     744311.849
 99.40,      47935.476,     738926.854
 99.50,      47203.003,     733597.176
 99.60,      46483.901,     728320.626
 99.70,      45778.298,     723097.416
 99.80,      45084.902,     717912.951
 99.90,      44405.195,     712791.093
100.00,      43739.338,     707741.407
