       1.,       1.,       2.,       1.
       2.,       2.,       3.,       1.
       3.,       3.,       4.,       1.
       4.,       4.,       5.,       1.
       5.,       5.,       6.,       1.
       6.,       6.,       7.,       1.
       7.,       7.,       8.,       1.
       8.,       8.,       9.,       1.
       9.,       9.,      10.,       1.
      10.,      11.,      12.,       2.
      11.,      12.,      13.,       2.
      12.,      13.,      14.,       2.
      13.,      14.,      15.,       2.
      14.,      15.,      16.,       2.
      15.,      16.,      17.,       2.
      16.,      17.,      18.,       2.
      17.,      18.,      19.,       2.
      18.,      19.,      20.,       2.
      19.,      21.,      22.,       3.
      20.,      22.,      23.,       3.
      21.,      23.,      24.,       3.
      22.,      24.,      25.,       3.
      23.,      25.,      26.,       3.
      24.,      26.,      27.,       3.
      25.,      27.,      28.,       3.
      26.,      28.,      29.,       3.
      27.,      29.,      30.,       3.
      28.,      31.,      32.,       4.
      29.,      32.,      33.,       4.
      30.,      33.,      34.,       4.
      31.,      34.,      35.,       4.
      32.,      35.,      36.,       4.
      33.,      36.,      37.,       4.
      34.,      37.,      38.,       4.
      35.,      38.,      39.,       4.
      36.,      39.,      40.,       4.
      37.,      41.,      42.,      57.
      38.,      42.,      43.,      57.
      39.,      43.,      44.,      57.
      40.,      44.,      45.,      57.
      41.,      45.,      46.,      57.
      42.,      46.,      47.,      57.
      43.,      47.,      48.,      57.
      44.,      48.,      49.,      57.
      45.,      50.,      51.,      58.
      46.,      51.,      52.,      58.
      47.,      52.,      53.,      58.
      48.,      53.,      54.,      58.
      49.,      54.,      55.,      58.
      50.,      55.,      56.,      58.
      51.,      56.,      57.,      58.
      52.,      57.,      58.,      58.
      53.,      59.,      60.,      59.
      54.,      60.,      61.,      59.
      55.,      61.,      62.,      59.
      56.,      62.,      63.,      59.
      57.,      63.,      64.,      59.
      58.,      64.,      65.,      59.
      59.,      65.,      66.,      59.
      60.,      66.,      67.,      59.
      61.,      68.,      69.,      60.
      62.,      69.,      70.,      60.
      63.,      70.,      71.,      60.
      64.,      71.,      72.,      60.
      65.,      72.,      73.,      60.
      66.,      73.,      74.,      60.
      67.,      74.,      75.,      60.
      68.,      75.,      76.,      60.
      69.,      77.,      78.,     111.
      70.,      78.,      79.,     111.
      71.,      79.,      80.,     111.
      72.,      80.,      81.,     111.
      73.,      81.,      82.,     111.
      74.,      82.,      83.,     111.
      75.,      83.,      84.,     111.
      76.,      84.,      85.,     111.
      77.,      86.,      87.,     112.
      78.,      87.,      88.,     112.
      79.,      88.,      89.,     112.
      80.,      89.,      90.,     112.
      81.,      90.,      91.,     112.
      82.,      91.,      92.,     112.
      83.,      92.,      93.,     112.
      84.,      93.,      94.,     112.
      85.,      95.,      96.,     113.
      86.,      96.,      97.,     113.
      87.,      97.,      98.,     113.
      88.,      98.,      99.,     113.
      89.,      99.,     100.,     113.
      90.,     100.,     101.,     113.
      91.,     101.,     102.,     113.
      92.,     102.,     103.,     113.
      93.,     104.,     105.,     114.
      94.,     105.,     106.,     114.
      95.,     106.,     107.,     114.
      96.,     107.,     108.,     114.
      97.,     108.,     109.,     114.
      98.,     109.,     110.,     114.
      99.,     110.,     111.,     114.
     100.,     111.,     112.,     114.
     101.,      58.,     113.,     159.
     102.,     113.,     114.,     159.
     103.,     114.,     115.,     159.
     104.,     115.,     116.,     159.
     105.,     116.,     117.,     159.
     106.,     117.,     118.,     159.
     107.,     118.,     119.,     159.
     108.,     119.,      86.,     159.
     109.,      49.,     120.,     162.
     110.,     120.,     121.,     162.
     111.,     121.,     122.,     162.
     112.,     122.,     123.,     162.
     113.,     123.,     124.,     162.
     114.,     124.,     125.,     162.
     115.,     125.,     126.,     162.
     116.,     126.,      77.,     162.
     117.,      76.,     127.,     165.
     118.,     127.,     128.,     165.
     119.,     128.,     129.,     165.
     120.,     129.,     130.,     165.
     121.,     130.,     131.,     165.
     122.,     131.,     132.,     165.
     123.,     132.,     133.,     165.
     124.,     133.,     104.,     165.
     125.,      67.,     134.,     166.
     126.,     134.,     135.,     166.
     127.,     135.,     136.,     166.
     128.,     136.,     137.,     166.
     129.,     137.,     138.,     166.
     130.,     138.,     139.,     166.
     131.,     139.,     140.,     166.
     132.,     140.,      95.,     166.
     133.,      30.,     141.,     167.
     134.,     141.,     142.,     167.
     135.,     142.,     143.,     167.
     136.,     143.,     144.,     167.
     137.,     144.,     145.,     167.
     138.,     145.,     146.,     167.
     139.,     146.,     147.,     167.
     140.,     147.,     148.,     167.
     141.,     148.,      59.,     167.
     142.,      40.,     149.,     168.
     143.,     149.,     150.,     168.
     144.,     150.,     151.,     168.
     145.,     151.,     152.,     168.
     146.,     152.,     153.,     168.
     147.,     153.,     154.,     168.
     148.,     154.,     155.,     168.
     149.,     155.,     156.,     168.
     150.,     156.,      68.,     168.
     151.,      10.,     157.,     169.
     152.,     157.,     158.,     169.
     153.,     158.,     159.,     169.
     154.,     159.,     160.,     169.
     155.,     160.,     161.,     169.
     156.,     161.,     162.,     169.
     157.,     162.,     163.,     169.
     158.,     163.,     164.,     169.
     159.,     164.,      41.,     169.
     160.,      20.,     165.,     170.
     161.,     165.,     166.,     170.
     162.,     166.,     167.,     170.
     163.,     167.,     168.,     170.
     164.,     168.,     169.,     170.
     165.,     169.,     170.,     170.
     166.,     170.,     171.,     170.
     167.,     171.,     172.,     170.
     168.,     172.,      50.,     170.
     169.,      94.,     173.,     187.
     170.,     173.,     174.,     187.
     171.,     174.,     175.,     187.
     172.,     175.,     176.,     187.
     173.,     176.,     177.,     187.
     174.,     177.,     178.,     187.
     175.,     178.,     179.,     187.
     176.,     179.,     180.,     187.
     177.,     103.,     181.,     188.
     178.,     181.,     182.,     188.
     179.,     182.,     183.,     188.
     180.,     183.,     184.,     188.
     181.,     184.,     185.,     188.
     182.,     185.,     186.,     188.
     183.,     186.,     187.,     188.
     184.,     187.,     188.,     188.
     185.,     112.,     189.,     189.
     186.,     189.,     190.,     189.
     187.,     190.,     191.,     189.
     188.,     191.,     192.,     189.
     189.,     192.,     193.,     189.
     190.,     193.,     194.,     189.
     191.,     194.,     195.,     189.
     192.,     195.,     196.,     189.
     193.,      85.,     197.,     190.
     194.,     197.,     198.,     190.
     195.,     198.,     199.,     190.
     196.,     199.,     200.,     190.
     197.,     200.,     201.,     190.
     198.,     201.,     202.,     190.
     199.,     202.,     203.,     190.
     200.,     203.,     204.,     190.
     201.,     204.,     205.,     205.
     202.,     205.,     206.,     205.
     203.,     206.,     207.,     205.
     204.,     207.,     208.,     205.
     205.,     208.,     209.,     205.
     206.,     209.,     210.,     205.
     207.,     210.,     211.,     205.
     208.,     211.,     212.,     205.
     209.,     180.,     213.,     206.
     210.,     213.,     214.,     206.
     211.,     214.,     215.,     206.
     212.,     215.,     216.,     206.
     213.,     216.,     217.,     206.
     214.,     217.,     218.,     206.
     215.,     218.,     219.,     206.
     216.,     219.,     220.,     206.
     217.,     188.,     221.,     207.
     218.,     221.,     222.,     207.
     219.,     222.,     223.,     207.
     220.,     223.,     224.,     207.
     221.,     224.,     225.,     207.
     222.,     225.,     226.,     207.
     223.,     226.,     227.,     207.
     224.,     227.,     228.,     207.
     225.,     196.,     229.,     208.
     226.,     229.,     230.,     208.
     227.,     230.,     231.,     208.
     228.,     231.,     232.,     208.
     229.,     232.,     233.,     208.
     230.,     233.,     234.,     208.
     231.,     234.,     235.,     208.
     232.,     235.,     236.,     208.
     233.,     236.,     237.,     209.
     234.,     237.,     238.,     209.
     235.,     238.,     239.,     209.
     236.,     239.,     240.,     209.
     237.,     240.,     241.,     209.
     238.,     241.,     242.,     209.
     239.,     242.,     243.,     209.
     240.,     243.,     244.,     209.
     241.,     212.,     245.,     210.
     242.,     245.,     246.,     210.
     243.,     246.,     247.,     210.
     244.,     247.,     248.,     210.
     245.,     248.,     249.,     210.
     246.,     249.,     250.,     210.
     247.,     250.,     251.,     210.
     248.,     251.,     252.,     210.
     249.,     220.,     253.,     211.
     250.,     253.,     254.,     211.
     251.,     254.,     255.,     211.
     252.,     255.,     256.,     211.
     253.,     256.,     257.,     211.
     254.,     257.,     258.,     211.
     255.,     258.,     259.,     211.
     256.,     259.,     260.,     211.
     257.,     228.,     261.,     212.
     258.,     261.,     262.,     212.
     259.,     262.,     263.,     212.
     260.,     263.,     264.,     212.
     261.,     264.,     265.,     212.
     262.,     265.,     266.,     212.
     263.,     266.,     267.,     212.
     264.,     267.,     268.,     212.
     265.,     244.,     269.,     213.
     266.,     269.,     270.,     213.
     267.,     270.,     271.,     213.
     268.,     271.,     272.,     213.
     269.,     252.,     273.,     214.
     270.,     273.,     274.,     214.
     271.,     274.,     275.,     214.
     272.,     275.,     276.,     214.
     273.,     260.,     277.,     215.
     274.,     277.,     278.,     215.
     275.,     278.,     279.,     215.
     276.,     279.,     280.,     215.
     277.,     268.,     281.,     216.
     278.,     281.,     282.,     216.
     279.,     282.,     283.,     216.
     280.,     283.,     284.,     216.
     281.,     284.,     285.,     288.
     282.,     285.,     286.,     288.
     283.,     286.,     287.,     288.
     284.,     287.,     288.,     288.
     285.,     280.,     289.,     289.
     286.,     289.,     290.,     289.
     287.,     290.,     291.,     289.
     288.,     291.,     292.,     289.
     289.,     272.,     293.,     292.
     290.,     293.,     294.,     292.
     291.,     294.,     295.,     292.
     292.,     295.,     296.,     292.
     293.,     276.,     297.,     295.
     294.,     297.,     298.,     295.
     295.,     298.,     299.,     295.
     296.,     299.,     300.,     295.
     297.,     296.,     301.,     301.
     298.,     301.,     302.,     301.
     299.,     302.,     303.,     301.
     300.,     303.,     304.,     301.
     301.,     304.,     305.,     301.
     302.,     305.,     306.,     301.
     303.,     306.,     307.,     301.
     304.,     307.,     308.,     301.
     305.,     308.,     309.,     302.
     306.,     309.,     310.,     302.
     307.,     310.,     311.,     302.
     308.,     311.,     312.,     302.
     309.,     300.,     313.,     303.
     310.,     313.,     314.,     303.
     311.,     314.,     315.,     303.
     312.,     315.,     316.,     303.
     313.,     316.,     317.,     303.
     314.,     317.,     318.,     303.
     315.,     318.,     319.,     303.
     316.,     319.,     320.,     303.
     317.,     320.,     321.,     304.
     318.,     321.,     322.,     304.
     319.,     322.,     323.,     304.
     320.,     323.,     324.,     304.
     321.,     325.,     326.,     305.
     322.,     326.,     327.,     305.
     323.,     327.,     328.,     305.
     324.,     328.,     329.,     305.
     325.,     292.,     330.,     306.
     326.,     330.,     331.,     306.
     327.,     331.,     332.,     306.
     328.,     332.,     333.,     306.
     329.,     333.,     334.,     306.
     330.,     334.,     335.,     306.
     331.,     335.,     336.,     306.
     332.,     336.,     325.,     306.
     333.,     288.,     337.,     307.
     334.,     337.,     338.,     307.
     335.,     338.,     339.,     307.
     336.,     339.,     340.,     307.
     337.,     340.,     341.,     307.
     338.,     341.,     342.,     307.
     339.,     342.,     343.,     307.
     340.,     343.,     344.,     307.
     341.,     344.,     345.,     308.
     342.,     345.,     346.,     308.
     343.,     346.,     347.,     308.
     344.,     347.,     348.,     308.
     345.,     324.,     349.,     342.
     346.,     349.,     350.,     342.
     347.,     350.,     351.,     342.
     348.,     351.,     352.,     342.
     349.,     329.,     353.,     344.
     350.,     353.,     354.,     344.
     351.,     354.,     355.,     344.
     352.,     355.,     356.,     344.
     353.,     348.,     357.,     347.
     354.,     357.,     358.,     347.
     355.,     358.,     359.,     347.
     356.,     359.,     360.,     347.
     357.,     312.,     361.,     350.
     358.,     361.,     362.,     350.
     359.,     362.,     363.,     350.
     360.,     363.,     364.,     350.
     361.,     364.,     365.,     353.
     362.,     365.,     366.,     353.
     363.,     366.,     367.,     353.
     364.,     367.,     368.,     353.
     365.,     368.,     369.,     353.
     366.,     369.,     370.,     353.
     367.,     370.,     371.,     353.
     368.,     371.,     372.,     354.
     369.,     372.,     373.,     354.
     370.,     373.,     374.,     354.
     371.,     374.,     375.,     354.
     372.,     352.,     376.,     355.
     373.,     376.,     377.,     355.
     374.,     377.,     378.,     355.
     375.,     378.,     379.,     355.
     376.,     379.,     380.,     355.
     377.,     380.,     381.,     355.
     378.,     381.,     382.,     355.
     379.,     382.,     383.,     356.
     380.,     383.,     384.,     356.
     381.,     384.,     385.,     356.
     382.,     385.,     386.,     356.
     383.,     387.,     388.,     357.
     384.,     388.,     389.,     357.
     385.,     389.,     390.,     357.
     386.,     390.,     391.,     357.
     387.,     356.,     392.,     358.
     388.,     392.,     393.,     358.
     389.,     393.,     394.,     358.
     390.,     394.,     395.,     358.
     391.,     395.,     396.,     358.
     392.,     396.,     397.,     358.
     393.,     397.,     387.,     358.
     394.,     360.,     398.,     359.
     395.,     398.,     399.,     359.
     396.,     399.,     400.,     359.
     397.,     400.,     401.,     359.
     398.,     401.,     402.,     359.
     399.,     402.,     403.,     359.
     400.,     403.,     404.,     359.
     401.,     404.,     405.,     360.
     402.,     405.,     406.,     360.
     403.,     406.,     407.,     360.
     404.,     407.,     408.,     360.
     405.,     375.,     409.,     394.
     406.,     409.,     410.,     394.
     407.,     410.,     411.,     394.
     408.,     386.,     412.,     396.
     409.,     412.,     413.,     396.
     410.,     413.,     414.,     396.
     411.,     391.,     415.,     399.
     412.,     415.,     416.,     399.
     413.,     416.,     417.,     399.
     414.,     408.,     418.,     402.
     415.,     418.,     419.,     402.
     416.,     419.,     420.,     402.
     417.,     421.,     422.,     405.
     418.,     422.,     423.,     405.
     419.,     423.,     424.,     405.
     420.,     424.,     425.,     405.
     421.,     426.,     427.,     406.
     422.,     427.,     428.,     406.
     423.,     428.,     429.,     406.
     424.,     429.,     430.,     406.
     425.,     431.,     432.,     407.
     426.,     432.,     433.,     407.
     427.,     433.,     434.,     407.
     428.,     434.,     435.,     407.
     429.,     436.,     437.,     408.
     430.,     437.,     438.,     408.
     431.,     438.,     439.,     408.
     432.,     439.,     440.,     408.
     433.,     411.,     441.,     409.
     434.,     441.,     442.,     409.
     435.,     442.,     443.,     409.
     436.,     443.,     444.,     409.
     437.,     444.,     445.,     409.
     438.,     445.,     426.,     409.
     439.,     414.,     446.,     410.
     440.,     446.,     447.,     410.
     441.,     447.,     448.,     410.
     442.,     448.,     449.,     410.
     443.,     449.,     450.,     410.
     444.,     450.,     436.,     410.
     445.,     417.,     451.,     411.
     446.,     451.,     452.,     411.
     447.,     452.,     453.,     411.
     448.,     453.,     454.,     411.
     449.,     454.,     455.,     411.
     450.,     455.,     421.,     411.
     451.,     420.,     456.,     412.
     452.,     456.,     457.,     412.
     453.,     457.,     458.,     412.
     454.,     458.,     459.,     412.
     455.,     459.,     460.,     412.
     456.,     460.,     431.,     412.
     457.,     430.,     461.,     445.
     458.,     461.,     462.,     445.
     459.,     462.,     463.,     445.
     460.,     463.,     464.,     445.
     461.,     440.,     465.,     446.
     462.,     465.,     466.,     446.
     463.,     466.,     467.,     446.
     464.,     467.,     468.,     446.
     465.,     425.,     469.,     447.
     466.,     469.,     470.,     447.
     467.,     470.,     471.,     447.
     468.,     471.,     472.,     447.
     469.,     435.,     473.,     448.
     470.,     473.,     474.,     448.
     471.,     474.,     475.,     448.
     472.,     475.,     476.,     448.
     473.,     464.,     477.,     449.
     474.,     477.,     478.,     449.
     475.,     478.,     479.,     449.
     476.,     479.,     480.,     449.
     477.,     468.,     481.,     450.
     478.,     481.,     482.,     450.
     479.,     482.,     483.,     450.
     480.,     483.,     484.,     450.
     481.,     472.,     485.,     451.
     482.,     485.,     486.,     451.
     483.,     486.,     487.,     451.
     484.,     487.,     488.,     451.
     485.,     476.,     489.,     452.
     486.,     489.,     490.,     452.
     487.,     490.,     491.,     452.
     488.,     491.,     492.,     452.
     489.,     493.,     494.,     453.
     490.,     494.,     495.,     453.
     491.,     495.,     496.,     453.
     492.,     496.,     480.,     453.
     493.,     484.,     497.,     454.
     494.,     497.,     498.,     454.
     495.,     498.,     499.,     454.
     496.,     499.,     500.,     454.
     497.,     492.,     501.,     455.
     498.,     501.,     502.,     455.
     499.,     502.,     503.,     455.
     500.,     503.,     504.,     455.
     501.,     488.,     505.,     456.
     502.,     505.,     506.,     456.
     503.,     506.,     507.,     456.
     504.,     507.,     508.,     456.
     505.,     509.,     510.,     457.
     506.,     510.,     511.,     457.
     507.,     511.,     512.,     457.
     508.,     512.,     508.,     457.
     509.,     504.,     513.,     458.
     510.,     513.,     514.,     458.
     511.,     514.,     515.,     458.
     512.,     515.,     516.,     458.
     513.,     493.,     517.,     459.
     514.,     517.,     518.,     459.
     515.,     518.,     519.,     459.
     516.,     519.,     520.,     459.
     517.,     500.,     521.,     460.
     518.,     521.,     522.,     460.
     519.,     522.,     523.,     460.
     520.,     523.,     524.,     460.
     521.,     525.,     526.,     461.
     522.,     526.,     527.,     461.
     523.,     527.,     524.,     461.
     524.,     509.,     528.,     462.
     525.,     528.,     529.,     462.
     526.,     529.,     530.,     462.
     527.,     516.,     531.,     463.
     528.,     531.,     532.,     463.
     529.,     532.,     533.,     463.
     530.,     520.,     534.,     464.
     531.,     534.,     535.,     464.
     532.,     535.,     536.,     464.
     533.,      41.,     537.,       5.
     534.,     537.,     538.,       5.
     535.,     538.,     539.,       5.
     536.,     539.,     540.,       5.
     537.,     540.,     541.,       5.
     538.,     541.,     542.,       5.
     539.,     542.,     543.,       5.
     540.,      50.,     544.,       6.
     541.,     544.,     545.,       6.
     542.,     545.,     546.,       6.
     543.,     546.,     547.,       6.
     544.,     547.,     548.,       6.
     545.,     548.,     549.,       6.
     546.,     549.,     550.,       6.
     547.,      59.,     551.,       7.
     548.,     551.,     552.,       7.
     549.,     552.,     553.,       7.
     550.,     553.,     554.,       7.
     551.,     554.,     555.,       7.
     552.,     555.,     556.,       7.
     553.,     556.,     557.,       7.
     554.,      68.,     558.,       8.
     555.,     558.,     559.,       8.
     556.,     559.,     560.,       8.
     557.,     560.,     561.,       8.
     558.,     561.,     562.,       8.
     559.,     562.,     563.,       8.
     560.,     563.,     564.,       8.
     561.,      77.,     565.,      61.
     562.,     565.,     566.,      61.
     563.,     566.,     567.,      61.
     564.,     567.,     568.,      61.
     565.,     568.,     569.,      61.
     566.,      86.,     570.,      62.
     567.,     570.,     571.,      62.
     568.,     571.,     572.,      62.
     569.,     572.,     573.,      62.
     570.,     573.,     574.,      62.
     571.,      95.,     575.,      63.
     572.,     575.,     576.,      63.
     573.,     576.,     577.,      63.
     574.,     577.,     578.,      63.
     575.,     578.,     579.,      63.
     576.,     104.,     580.,      64.
     577.,     580.,     581.,      64.
     578.,     581.,     582.,      64.
     579.,     582.,     583.,      64.
     580.,     583.,     584.,      64.
     581.,     204.,     585.,     115.
     582.,     585.,     586.,     115.
     583.,     586.,     587.,     115.
     584.,     587.,     588.,     115.
     585.,     180.,     589.,     116.
     586.,     589.,     590.,     116.
     587.,     590.,     591.,     116.
     588.,     591.,     592.,     116.
     589.,     188.,     593.,     117.
     590.,     593.,     594.,     117.
     591.,     594.,     595.,     117.
     592.,     595.,     596.,     117.
     593.,     196.,     597.,     118.
     594.,     597.,     598.,     118.
     595.,     598.,     599.,     118.
     596.,     599.,     600.,     118.
     597.,     569.,     601.,     144.
     598.,     601.,     602.,     144.
     599.,     602.,     603.,     144.
     600.,     603.,     604.,     144.
     601.,     604.,      86.,     144.
     602.,     574.,     605.,     145.
     603.,     605.,     606.,     145.
     604.,     606.,     607.,     145.
     605.,     607.,     608.,     145.
     606.,     608.,      95.,     145.
     607.,     579.,     609.,     146.
     608.,     609.,     610.,     146.
     609.,     610.,     611.,     146.
     610.,     611.,     612.,     146.
     611.,     612.,     104.,     146.
     612.,     584.,     613.,     147.
     613.,     613.,     614.,     147.
     614.,     614.,     615.,     147.
     615.,     615.,     616.,     147.
     616.,     616.,      77.,     147.
     617.,     550.,     617.,     179.
     618.,     617.,     618.,     179.
     619.,     618.,     619.,     179.
     620.,     619.,     620.,     179.
     621.,     620.,     621.,     179.
     622.,     621.,     622.,     179.
     623.,     622.,      59.,     179.
     624.,     557.,     623.,     180.
     625.,     623.,     624.,     180.
     626.,     624.,     625.,     180.
     627.,     625.,     626.,     180.
     628.,     626.,     627.,     180.
     629.,     627.,     628.,     180.
     630.,     628.,      68.,     180.
     631.,     564.,     629.,     181.
     632.,     629.,     630.,     181.
     633.,     630.,     631.,     181.
     634.,     631.,     632.,     181.
     635.,     632.,     633.,     181.
     636.,     633.,     634.,     181.
     637.,     634.,      41.,     181.
     638.,     543.,     635.,     182.
     639.,     635.,     636.,     182.
     640.,     636.,     637.,     182.
     641.,     637.,     638.,     182.
     642.,     638.,     639.,     182.
     643.,     639.,     640.,     182.
     644.,     640.,      50.,     182.
     645.,     588.,     641.,     191.
     646.,     641.,     642.,     191.
     647.,     642.,     643.,     191.
     648.,     643.,     180.,     191.
     649.,     592.,     644.,     192.
     650.,     644.,     645.,     192.
     651.,     645.,     646.,     192.
     652.,     646.,     188.,     192.
     653.,     596.,     647.,     193.
     654.,     647.,     648.,     193.
     655.,     648.,     649.,     193.
     656.,     649.,     196.,     193.
     657.,     600.,     650.,     194.
     658.,     650.,     651.,     194.
     659.,     651.,     652.,     194.
     660.,     652.,     204.,     194.
     661.,     280.,     653.,     285.
     662.,     653.,     654.,     285.
     663.,     654.,     655.,     285.
     664.,     280.,     656.,     286.
     665.,     656.,     657.,     286.
     666.,     657.,     658.,     286.
     667.,     655.,     659.,     287.
     668.,     659.,     660.,     287.
     669.,     660.,     284.,     287.
     670.,     284.,     661.,     290.
     671.,     661.,     662.,     290.
     672.,     662.,     663.,     290.
     673.,     663.,     664.,     291.
     674.,     664.,     665.,     291.
     675.,     665.,     272.,     291.
     676.,     272.,     666.,     293.
     677.,     666.,     667.,     293.
     678.,     667.,     668.,     293.
     679.,     668.,     669.,     294.
     680.,     669.,     670.,     294.
     681.,     670.,     276.,     294.
     682.,     276.,     671.,     296.
     683.,     671.,     672.,     296.
     684.,     672.,     658.,     296.
     685.,     324.,     673.,     341.
     686.,     673.,     674.,     341.
     687.,     674.,     675.,     341.
     688.,     675.,     676.,     343.
     689.,     676.,     677.,     343.
     690.,     677.,     329.,     343.
     691.,     329.,     678.,     345.
     692.,     678.,     679.,     345.
     693.,     679.,     680.,     345.
     694.,     680.,     681.,     346.
     695.,     681.,     682.,     346.
     696.,     682.,     348.,     346.
     697.,     348.,     683.,     348.
     698.,     683.,     684.,     348.
     699.,     684.,     685.,     348.
     700.,     685.,     686.,     349.
     701.,     686.,     687.,     349.
     702.,     687.,     312.,     349.
     703.,     312.,     688.,     351.
     704.,     688.,     689.,     351.
     705.,     689.,     690.,     351.
     706.,     690.,     691.,     352.
     707.,     691.,     692.,     352.
     708.,     692.,     324.,     352.
     709.,     375.,     693.,     393.
     710.,     693.,     694.,     393.
     711.,     694.,     695.,     395.
     712.,     695.,     386.,     395.
     713.,     386.,     696.,     397.
     714.,     696.,     697.,     397.
     715.,     697.,     698.,     398.
     716.,     698.,     391.,     398.
     717.,     391.,     699.,     400.
     718.,     699.,     700.,     400.
     719.,     700.,     701.,     401.
     720.,     701.,     408.,     401.
     721.,     408.,     702.,     403.
     722.,     702.,     703.,     403.
     723.,     703.,     704.,     404.
     724.,     704.,     375.,     404.
     725.,     430.,     705.,     437.
     726.,     705.,     706.,     437.
     727.,     706.,     707.,     438.
     728.,     707.,     440.,     438.
     729.,     440.,     708.,     439.
     730.,     708.,     709.,     439.
     731.,     709.,     710.,     440.
     732.,     710.,     425.,     440.
     733.,     425.,     711.,     441.
     734.,     711.,     712.,     441.
     735.,     712.,     713.,     442.
     736.,     713.,     435.,     442.
     737.,     435.,     714.,     443.
     738.,     714.,     715.,     443.
     739.,     715.,     716.,     444.
     740.,     716.,     430.,     444.
     741.,     464.,     717.,     505.
     742.,     717.,     718.,     505.
     743.,     718.,     468.,     505.
     744.,     468.,     719.,     506.
     745.,     719.,     720.,     506.
     746.,     720.,     472.,     506.
     747.,     472.,     721.,     507.
     748.,     721.,     722.,     507.
     749.,     722.,     476.,     507.
     750.,     476.,     723.,     508.
     751.,     723.,     724.,     508.
     752.,     724.,     464.,     508.
     753.,     480.,     725.,     517.
     754.,     725.,     726.,     517.
     755.,     726.,     484.,     517.
     756.,     484.,     727.,     518.
     757.,     727.,     728.,     518.
     758.,     728.,     488.,     518.
     759.,     488.,     729.,     519.
     760.,     729.,     730.,     519.
     761.,     730.,     492.,     519.
     762.,     492.,     731.,     520.
     763.,     731.,     732.,     520.
     764.,     732.,     480.,     520.
     765.,     516.,     733.,     537.
     766.,     733.,     734.,     537.
     767.,     734.,     520.,     537.
     768.,     520.,     735.,     538.
     769.,     735.,     736.,     538.
     770.,     736.,     524.,     538.
     771.,     524.,     737.,     539.
     772.,     737.,     738.,     539.
     773.,     738.,     509.,     539.
     774.,     509.,     739.,     540.
     775.,     739.,     740.,     540.
     776.,     740.,     516.,     540.
     777.,     533.,     741.,     549.
     778.,     741.,     742.,     549.
     779.,     742.,     536.,     549.
     780.,     536.,     743.,     550.
     781.,     743.,     744.,     550.
     782.,     744.,     525.,     550.
     783.,     525.,     745.,     551.
     784.,     745.,     746.,     551.
     785.,     746.,     530.,     551.
     786.,     530.,     747.,     552.
     787.,     747.,     748.,     552.
     788.,     748.,     533.,     552.
     789.,     468.,     749.,     567.
     790.,     749.,     750.,     567.
     791.,     750.,     751.,     567.
     792.,     472.,     752.,     568.
     793.,     752.,     753.,     568.
     794.,     753.,     754.,     568.
     795.,     755.,     756.,     569.
     796.,     757.,     758.,     570.
     797.,     484.,     759.,     571.
     798.,     759.,     760.,     571.
     799.,     760.,     761.,     571.
     800.,     761.,     762.,     571.
     801.,     762.,     763.,     571.
     802.,     758.,     764.,     573.
     803.,     765.,     766.,     578.
     804.,     766.,     767.,     578.
     805.,     768.,     769.,     579.
     806.,     769.,     770.,     579.
     807.,     767.,     771.,     587.
     808.,     771.,     772.,     587.
     809.,     772.,     773.,     588.
     810.,     754.,     774.,     589.
     811.,     774.,     775.,     589.
     812.,     775.,     768.,     589.
     813.,     770.,     776.,     590.
     814.,     776.,     777.,     590.
     815.,     777.,     778.,     591.
     816.,     751.,     779.,     592.
     817.,     779.,     780.,     592.
     818.,     780.,     765.,     592.
     819.,     773.,     755.,     609.
     820.,     778.,     757.,     610.
     821.,     476.,     781.,     649.
     822.,     781.,     782.,     649.
     823.,     782.,     783.,     649.
     824.,     783.,     784.,     650.
     825.,     784.,     785.,     650.
     826.,     785.,     786.,     650.
     827.,     786.,     787.,     651.
     828.,     787.,     788.,     651.
     829.,     788.,     789.,     652.
     830.,     789.,     790.,     652.
     831.,     790.,     791.,     653.
     832.,     791.,     792.,     654.
     833.,     464.,     793.,     655.
     834.,     793.,     794.,     655.
     835.,     794.,     795.,     655.
     836.,     795.,     796.,     656.
     837.,     796.,     797.,     656.
     838.,     797.,     798.,     656.
     839.,     798.,     799.,     657.
     840.,     799.,     800.,     657.
     841.,     800.,     801.,     658.
     842.,     801.,     802.,     658.
     843.,     802.,     803.,     659.
     844.,     803.,     804.,     660.
     845.,     792.,     805.,     661.
     846.,     804.,     806.,     662.
     847.,     492.,     807.,     663.
     848.,     807.,     808.,     663.
     849.,     808.,     809.,     663.
     850.,     809.,     810.,     663.
     851.,     810.,     811.,     663.
     852.,     806.,     812.,     665.
     853.,     813.,     814.,     731.
     854.,     815.,     816.,     732.
     855.,     524.,     817.,     734.
     856.,     817.,     818.,     734.
     857.,     815.,     819.,     735.
     858.,     530.,     820.,     736.
     859.,     820.,     821.,     736.
     860.,     821.,     822.,     736.
     861.,     814.,     823.,     737.
     862.,     823.,     824.,     737.
     863.,     825.,     826.,     739.
     864.,     826.,     827.,     739.
     865.,     828.,     829.,     740.
     866.,     829.,     830.,     740.
     867.,     818.,     831.,     743.
     868.,     831.,     825.,     743.
     869.,     830.,     832.,     744.
     870.,     832.,     509.,     744.
     871.,     833.,     834.,     745.
     872.,     834.,     828.,     745.
     873.,     827.,     835.,     746.
     874.,     819.,     833.,     785.
     875.,     835.,     813.,     786.
     876.,     836.,     837.,     795.
     877.,     838.,     839.,     796.
     878.,     516.,     840.,     798.
     879.,     840.,     841.,     798.
     880.,     841.,     842.,     799.
     881.,     842.,     843.,     799.
     882.,     843.,     844.,     800.
     883.,     844.,     845.,     800.
     884.,     845.,     846.,     801.
     885.,     846.,     836.,     802.
     886.,     838.,     847.,     803.
     887.,     847.,     848.,     804.
     888.,     848.,     849.,     805.
     889.,     849.,     850.,     805.
     890.,     850.,     851.,     806.
     891.,     851.,     852.,     806.
     892.,     852.,     853.,     807.
     893.,     853.,     520.,     807.
     894.,     536.,     854.,     808.
     895.,     854.,     855.,     808.
     896.,     855.,     856.,     808.
     897.,     837.,     857.,     809.
     898.,     857.,     858.,     809.
     899.,     763.,     859.,     938.
     900.,     859.,     860.,     938.
     901.,     860.,     861.,     939.
     902.,     861.,     862.,     939.
     903.,     863.,     756.,     940.
     904.,     862.,     863.,     941.
     905.,     764.,     864.,     942.
     906.,     864.,     865.,     943.
     907.,     865.,     866.,     943.
     908.,     866.,     867.,     944.
     909.,     867.,     868.,     944.
     910.,     868.,     869.,     945.
     911.,     869.,     870.,     945.
     912.,     870.,     871.,     945.
     913.,     871.,     872.,     945.
     914.,     872.,     488.,     945.
     915.,     811.,     873.,     946.
     916.,     873.,     874.,     946.
     917.,     874.,     875.,     947.
     918.,     875.,     876.,     947.
     919.,     876.,     877.,     948.
     920.,     877.,     805.,     949.
     921.,     812.,     878.,     950.
     922.,     878.,     879.,     951.
     923.,     879.,     880.,     951.
     924.,     880.,     881.,     952.
     925.,     881.,     882.,     952.
     926.,     882.,     883.,     953.
     927.,     883.,     884.,     953.
     928.,     884.,     885.,     953.
     929.,     885.,     886.,     953.
     930.,     886.,     480.,     953.
     931.,     887.,     888.,     954.
     932.,     888.,     889.,     954.
     933.,     889.,     533.,     954.
     934.,     858.,     890.,     955.
     935.,     890.,     887.,     955.
     936.,     856.,     891.,     956.
     937.,     891.,     892.,     956.
     938.,     822.,     893.,     957.
     939.,     893.,     894.,     957.
     940.,     894.,     895.,     958.
     941.,     895.,     816.,     958.
     942.,     896.,     897.,     959.
     943.,     897.,     898.,     959.
     944.,     898.,     525.,     959.
     945.,     824.,     899.,     960.
     946.,     899.,     896.,     960.
     947.,     892.,     900.,     961.
     948.,     900.,     839.,     961.
     949.,       1.,     902.,       9.
     950.,     902.,     903.,       9.
     951.,     903.,     904.,       9.
     952.,     904.,     905.,       9.
     953.,     905.,     901.,       9.
     954.,     543.,     907.,      10.
     955.,     907.,     908.,      10.
     956.,     908.,     909.,      10.
     957.,     909.,     910.,      10.
     958.,     910.,     906.,      10.
     959.,      11.,     912.,      11.
     960.,     912.,     913.,      11.
     961.,     913.,     914.,      11.
     962.,     914.,     915.,      11.
     963.,     915.,     911.,      11.
     964.,     550.,     917.,      12.
     965.,     917.,     918.,      12.
     966.,     918.,     919.,      12.
     967.,     919.,     920.,      12.
     968.,     920.,     916.,      12.
     969.,      21.,     922.,      13.
     970.,     922.,     923.,      13.
     971.,     923.,     924.,      13.
     972.,     924.,     925.,      13.
     973.,     925.,     921.,      13.
     974.,     557.,     927.,      14.
     975.,     927.,     928.,      14.
     976.,     928.,     929.,      14.
     977.,     929.,     930.,      14.
     978.,     930.,     926.,      14.
     979.,      31.,     932.,      15.
     980.,     932.,     933.,      15.
     981.,     933.,     934.,      15.
     982.,     934.,     935.,      15.
     983.,     935.,     931.,      15.
     984.,     564.,     937.,      16.
     985.,     937.,     938.,      16.
     986.,     938.,     939.,      16.
     987.,     939.,     940.,      16.
     988.,     940.,     936.,      16.
     989.,      41.,     941.,      17.
     990.,     941.,     942.,      17.
     991.,     942.,     943.,      17.
     992.,     943.,     936.,      17.
     993.,     936.,     944.,      18.
     994.,     944.,      10.,      18.
     995.,      10.,     945.,      19.
     996.,     945.,     901.,      19.
     997.,     901.,     946.,      20.
     998.,     946.,     947.,      20.
     999.,     947.,     948.,      20.
    1000.,     948.,      41.,      20.
    1001.,      50.,     949.,      21.
    1002.,     949.,     950.,      21.
    1003.,     950.,     951.,      21.
    1004.,     951.,     906.,      21.
    1005.,     906.,     952.,      22.
    1006.,     952.,      20.,      22.
    1007.,      20.,     953.,      23.
    1008.,     953.,     911.,      23.
    1009.,     911.,     954.,      24.
    1010.,     954.,     955.,      24.
    1011.,     955.,     956.,      24.
    1012.,     956.,      50.,      24.
    1013.,      59.,     957.,      25.
    1014.,     957.,     958.,      25.
    1015.,     958.,     959.,      25.
    1016.,     959.,     916.,      25.
    1017.,     916.,     960.,      26.
    1018.,     960.,      30.,      26.
    1019.,      30.,     961.,      27.
    1020.,     961.,     921.,      27.
    1021.,     921.,     962.,      28.
    1022.,     962.,     963.,      28.
    1023.,     963.,     964.,      28.
    1024.,     964.,      59.,      28.
    1025.,      68.,     965.,      29.
    1026.,     965.,     966.,      29.
    1027.,     966.,     967.,      29.
    1028.,     967.,     926.,      29.
    1029.,     926.,     968.,      30.
    1030.,     968.,      40.,      30.
    1031.,      40.,     969.,      31.
    1032.,     969.,     931.,      31.
    1033.,     931.,     970.,      32.
    1034.,     970.,     971.,      32.
    1035.,     971.,     972.,      32.
    1036.,     972.,      68.,      32.
    1037.,     564.,     974.,      33.
    1038.,     974.,     975.,      33.
    1039.,     975.,     973.,      33.
    1040.,     543.,     977.,      34.
    1041.,     977.,     978.,      34.
    1042.,     978.,     976.,      34.
    1043.,     550.,     980.,      35.
    1044.,     980.,     981.,      35.
    1045.,     981.,     979.,      35.
    1046.,     557.,     983.,      36.
    1047.,     983.,     984.,      36.
    1048.,     984.,     982.,      36.
    1049.,     979.,     985.,      37.
    1050.,     985.,     986.,      37.
    1051.,     986.,     987.,      37.
    1052.,     987.,     982.,      37.
    1053.,     982.,     988.,      38.
    1054.,     988.,     989.,      38.
    1055.,     989.,     990.,      38.
    1056.,     990.,     973.,      38.
    1057.,     973.,     991.,      39.
    1058.,     991.,     992.,      39.
    1059.,     992.,     993.,      39.
    1060.,     993.,     976.,      39.
    1061.,     976.,     994.,      40.
    1062.,     994.,     995.,      40.
    1063.,     995.,     996.,      40.
    1064.,     996.,     979.,      40.
    1065.,     973.,     997.,      41.
    1066.,     997.,     998.,      41.
    1067.,     998.,      41.,      41.
    1068.,     976.,     999.,      42.
    1069.,     999.,    1000.,      42.
    1070.,    1000.,      50.,      42.
    1071.,     979.,    1001.,      43.
    1072.,    1001.,    1002.,      43.
    1073.,    1002.,      59.,      43.
    1074.,     982.,    1003.,      44.
    1075.,    1003.,    1004.,      44.
    1076.,    1004.,      68.,      44.
    1077.,     973.,    1005.,      45.
    1078.,    1005.,    1006.,      45.
    1079.,    1006.,    1007.,      45.
    1080.,    1007.,    1008.,      45.
    1081.,    1008.,     936.,      45.
    1082.,     973.,    1009.,      46.
    1083.,    1009.,    1010.,      46.
    1084.,    1010.,    1011.,      46.
    1085.,    1011.,    1012.,      46.
    1086.,    1012.,     901.,      46.
    1087.,     936.,    1013.,      47.
    1088.,    1013.,    1014.,      47.
    1089.,    1014.,     901.,      47.
    1090.,     906.,    1015.,      48.
    1091.,    1015.,    1016.,      48.
    1092.,    1016.,     911.,      48.
    1093.,     911.,    1017.,      49.
    1094.,    1017.,    1018.,      49.
    1095.,    1018.,    1019.,      49.
    1096.,    1019.,    1020.,      49.
    1097.,    1020.,     976.,      49.
    1098.,     976.,    1021.,      50.
    1099.,    1021.,    1022.,      50.
    1100.,    1022.,    1023.,      50.
    1101.,    1023.,    1024.,      50.
    1102.,    1024.,     906.,      50.
    1103.,     916.,    1025.,      51.
    1104.,    1025.,    1026.,      51.
    1105.,    1026.,     921.,      51.
    1106.,     921.,    1027.,      52.
    1107.,    1027.,    1028.,      52.
    1108.,    1028.,    1029.,      52.
    1109.,    1029.,    1030.,      52.
    1110.,    1030.,     979.,      52.
    1111.,     979.,    1031.,      53.
    1112.,    1031.,    1032.,      53.
    1113.,    1032.,    1033.,      53.
    1114.,    1033.,    1034.,      53.
    1115.,    1034.,     916.,      53.
    1116.,     926.,    1035.,      54.
    1117.,    1035.,    1036.,      54.
    1118.,    1036.,     931.,      54.
    1119.,     931.,    1037.,      55.
    1120.,    1037.,    1038.,      55.
    1121.,    1038.,    1039.,      55.
    1122.,    1039.,    1040.,      55.
    1123.,    1040.,     982.,      55.
    1124.,     982.,    1041.,      56.
    1125.,    1041.,    1042.,      56.
    1126.,    1042.,    1043.,      56.
    1127.,    1043.,    1044.,      56.
    1128.,    1044.,     926.,      56.
    1129.,      68.,    1046.,      65.
    1130.,    1046.,    1047.,      65.
    1131.,    1047.,    1048.,      65.
    1132.,    1048.,    1045.,      65.
    1133.,     584.,    1050.,      66.
    1134.,    1050.,    1051.,      66.
    1135.,    1051.,    1052.,      66.
    1136.,    1052.,    1049.,      66.
    1137.,      41.,    1054.,      67.
    1138.,    1054.,    1055.,      67.
    1139.,    1055.,    1056.,      67.
    1140.,    1056.,    1053.,      67.
    1141.,     569.,    1058.,      68.
    1142.,    1058.,    1059.,      68.
    1143.,    1059.,    1060.,      68.
    1144.,    1060.,    1057.,      68.
    1145.,      50.,    1062.,      69.
    1146.,    1062.,    1063.,      69.
    1147.,    1063.,    1064.,      69.
    1148.,    1064.,    1061.,      69.
    1149.,     574.,    1066.,      70.
    1150.,    1066.,    1067.,      70.
    1151.,    1067.,    1068.,      70.
    1152.,    1068.,    1065.,      70.
    1153.,      59.,    1070.,      71.
    1154.,    1070.,    1071.,      71.
    1155.,    1071.,    1072.,      71.
    1156.,    1072.,    1069.,      71.
    1157.,     579.,    1074.,      72.
    1158.,    1074.,    1075.,      72.
    1159.,    1075.,    1076.,      72.
    1160.,    1076.,    1073.,      72.
    1161.,      77.,    1077.,      73.
    1162.,    1077.,    1078.,      73.
    1163.,    1078.,    1079.,      73.
    1164.,    1079.,    1049.,      73.
    1165.,    1049.,    1080.,      74.
    1166.,    1080.,      49.,      74.
    1167.,      49.,    1081.,      75.
    1168.,    1081.,    1053.,      75.
    1169.,    1053.,    1082.,      76.
    1170.,    1082.,    1083.,      76.
    1171.,    1083.,    1084.,      76.
    1172.,    1084.,      77.,      76.
    1173.,      86.,    1085.,      77.
    1174.,    1085.,    1086.,      77.
    1175.,    1086.,    1087.,      77.
    1176.,    1087.,    1057.,      77.
    1177.,    1057.,    1088.,      78.
    1178.,    1088.,      58.,      78.
    1179.,      58.,    1089.,      79.
    1180.,    1089.,    1061.,      79.
    1181.,    1061.,    1090.,      80.
    1182.,    1090.,    1091.,      80.
    1183.,    1091.,    1092.,      80.
    1184.,    1092.,      86.,      80.
    1185.,      95.,    1093.,      81.
    1186.,    1093.,    1094.,      81.
    1187.,    1094.,    1095.,      81.
    1188.,    1095.,    1065.,      81.
    1189.,    1065.,    1096.,      82.
    1190.,    1096.,    1097.,      82.
    1191.,    1097.,    1069.,      82.
    1192.,    1069.,    1098.,      83.
    1193.,    1098.,    1099.,      83.
    1194.,    1099.,    1100.,      83.
    1195.,    1100.,      95.,      83.
    1196.,     104.,    1101.,      84.
    1197.,    1101.,    1102.,      84.
    1198.,    1102.,    1103.,      84.
    1199.,    1103.,    1073.,      84.
    1200.,    1073.,    1104.,      85.
    1201.,    1104.,    1105.,      85.
    1202.,    1105.,    1045.,      85.
    1203.,    1045.,    1106.,      86.
    1204.,    1106.,    1107.,      86.
    1205.,    1107.,    1108.,      86.
    1206.,    1108.,     104.,      86.
    1207.,     584.,    1110.,      87.
    1208.,    1110.,    1111.,      87.
    1209.,    1111.,    1109.,      87.
    1210.,     569.,    1113.,      88.
    1211.,    1113.,    1114.,      88.
    1212.,    1114.,    1112.,      88.
    1213.,     574.,    1116.,      89.
    1214.,    1116.,    1117.,      89.
    1215.,    1117.,    1115.,      89.
    1216.,     579.,    1119.,      90.
    1217.,    1119.,    1120.,      90.
    1218.,    1120.,    1118.,      90.
    1219.,     104.,    1121.,      91.
    1220.,    1121.,    1122.,      91.
    1221.,    1122.,    1118.,      91.
    1222.,      77.,    1123.,      92.
    1223.,    1123.,    1124.,      92.
    1224.,    1124.,    1109.,      92.
    1225.,    1109.,    1125.,      93.
    1226.,    1125.,    1126.,      93.
    1227.,    1126.,    1118.,      93.
    1228.,    1118.,    1127.,      94.
    1229.,    1127.,    1128.,      94.
    1230.,    1128.,    1115.,      94.
    1231.,    1115.,    1129.,      95.
    1232.,    1129.,    1130.,      95.
    1233.,    1130.,    1112.,      95.
    1234.,    1112.,    1131.,      96.
    1235.,    1131.,    1132.,      96.
    1236.,    1132.,    1109.,      96.
    1237.,    1049.,    1133.,      97.
    1238.,    1133.,    1134.,      97.
    1239.,    1134.,    1053.,      97.
    1240.,    1057.,    1135.,      98.
    1241.,    1135.,    1136.,      98.
    1242.,    1136.,    1061.,      98.
    1243.,    1073.,    1137.,      99.
    1244.,    1137.,    1138.,      99.
    1245.,    1138.,    1139.,      99.
    1246.,    1139.,    1118.,      99.
    1247.,    1118.,    1140.,     100.
    1248.,    1140.,    1141.,     100.
    1249.,    1141.,    1142.,     100.
    1250.,    1142.,    1045.,     100.
    1251.,    1049.,    1143.,     101.
    1252.,    1143.,    1144.,     101.
    1253.,    1144.,    1145.,     101.
    1254.,    1145.,    1109.,     101.
    1255.,    1109.,    1146.,     102.
    1256.,    1146.,    1147.,     102.
    1257.,    1147.,    1148.,     102.
    1258.,    1148.,    1053.,     102.
    1259.,    1057.,    1149.,     103.
    1260.,    1149.,    1150.,     103.
    1261.,    1150.,    1151.,     103.
    1262.,    1151.,    1112.,     103.
    1263.,    1112.,    1152.,     104.
    1264.,    1152.,    1153.,     104.
    1265.,    1153.,    1154.,     104.
    1266.,    1154.,    1061.,     104.
    1267.,    1065.,    1155.,     105.
    1268.,    1155.,    1156.,     105.
    1269.,    1156.,    1157.,     105.
    1270.,    1157.,    1115.,     105.
    1271.,    1115.,    1158.,     106.
    1272.,    1158.,    1159.,     106.
    1273.,    1159.,    1160.,     106.
    1274.,    1160.,    1069.,     106.
    1275.,    1065.,    1161.,     107.
    1276.,    1161.,      67.,     107.
    1277.,      67.,    1162.,     108.
    1278.,    1162.,    1069.,     108.
    1279.,    1073.,    1163.,     109.
    1280.,    1163.,      76.,     109.
    1281.,      76.,    1164.,     110.
    1282.,    1164.,    1045.,     110.
    1283.,     584.,    1165.,     119.
    1284.,    1165.,    1166.,     119.
    1285.,    1166.,    1167.,     119.
    1286.,    1167.,     112.,     119.
    1287.,     112.,    1168.,     120.
    1288.,    1168.,    1169.,     120.
    1289.,    1169.,    1170.,     120.
    1290.,    1170.,     600.,     120.
    1291.,     600.,    1171.,     121.
    1292.,    1171.,    1172.,     121.
    1293.,    1172.,    1173.,     121.
    1294.,    1173.,      85.,     121.
    1295.,      85.,    1174.,     122.
    1296.,    1174.,    1175.,     122.
    1297.,    1175.,    1176.,     122.
    1298.,    1176.,     584.,     122.
    1299.,     569.,    1177.,     123.
    1300.,    1177.,    1178.,     123.
    1301.,    1178.,    1179.,     123.
    1302.,    1179.,      85.,     123.
    1303.,      85.,    1180.,     124.
    1304.,    1180.,    1181.,     124.
    1305.,    1181.,    1182.,     124.
    1306.,    1182.,     588.,     124.
    1307.,     588.,    1183.,     125.
    1308.,    1183.,    1184.,     125.
    1309.,    1184.,    1185.,     125.
    1310.,    1185.,      94.,     125.
    1311.,      94.,    1186.,     126.
    1312.,    1186.,    1187.,     126.
    1313.,    1187.,    1188.,     126.
    1314.,    1188.,     569.,     126.
    1315.,     574.,    1189.,     127.
    1316.,    1189.,    1190.,     127.
    1317.,    1190.,    1191.,     127.
    1318.,    1191.,      94.,     127.
    1319.,      94.,    1192.,     128.
    1320.,    1192.,    1193.,     128.
    1321.,    1193.,    1194.,     128.
    1322.,    1194.,     592.,     128.
    1323.,     592.,    1195.,     129.
    1324.,    1195.,    1196.,     129.
    1325.,    1196.,    1197.,     129.
    1326.,    1197.,     103.,     129.
    1327.,     103.,    1198.,     130.
    1328.,    1198.,    1199.,     130.
    1329.,    1199.,    1200.,     130.
    1330.,    1200.,     574.,     130.
    1331.,     579.,    1201.,     131.
    1332.,    1201.,    1202.,     131.
    1333.,    1202.,    1203.,     131.
    1334.,    1203.,     103.,     131.
    1335.,     103.,    1204.,     132.
    1336.,    1204.,    1205.,     132.
    1337.,    1205.,    1206.,     132.
    1338.,    1206.,     596.,     132.
    1339.,     596.,    1207.,     133.
    1340.,    1207.,    1208.,     133.
    1341.,    1208.,    1209.,     133.
    1342.,    1209.,     112.,     133.
    1343.,     112.,    1210.,     134.
    1344.,    1210.,    1211.,     134.
    1345.,    1211.,    1212.,     134.
    1346.,    1212.,     579.,     134.
    1347.,     188.,    1214.,     135.
    1348.,    1214.,    1213.,     135.
    1349.,     196.,    1216.,     136.
    1350.,    1216.,    1215.,     136.
    1351.,     596.,    1217.,     137.
    1352.,    1217.,    1213.,     137.
    1353.,     592.,    1219.,     138.
    1354.,    1219.,    1218.,     138.
    1355.,     588.,    1221.,     139.
    1356.,    1221.,    1220.,     139.
    1357.,     600.,    1222.,     140.
    1358.,    1222.,    1215.,     140.
    1359.,    1118.,    1224.,     141.
    1360.,    1224.,    1225.,     141.
    1361.,    1225.,    1223.,     141.
    1362.,    1223.,    1226.,     142.
    1363.,    1226.,    1227.,     142.
    1364.,    1227.,    1112.,     142.
    1365.,    1112.,    1228.,     143.
    1366.,    1228.,    1229.,     143.
    1367.,    1229.,      86.,     143.
    1368.,    1118.,    1230.,     148.
    1369.,    1230.,    1231.,     148.
    1370.,    1231.,     584.,     148.
    1371.,    1115.,    1232.,     149.
    1372.,    1232.,    1233.,     149.
    1373.,    1233.,     579.,     149.
    1374.,    1112.,    1234.,     150.
    1375.,    1234.,    1235.,     150.
    1376.,    1235.,     574.,     150.
    1377.,    1109.,    1236.,     151.
    1378.,    1236.,    1237.,     151.
    1379.,    1237.,     569.,     151.
    1380.,    1115.,    1238.,     152.
    1381.,    1238.,    1239.,     152.
    1382.,    1239.,      95.,     152.
    1383.,    1223.,    1240.,     153.
    1384.,    1240.,    1241.,     153.
    1385.,    1241.,    1115.,     153.
    1386.,    1109.,    1242.,     154.
    1387.,    1242.,    1243.,     154.
    1388.,    1243.,    1223.,     154.
    1389.,    1073.,    1244.,     155.
    1390.,    1244.,    1245.,     155.
    1391.,    1245.,    1246.,     155.
    1392.,    1246.,      68.,     155.
    1393.,    1069.,    1247.,     156.
    1394.,    1247.,    1248.,     156.
    1395.,    1248.,    1249.,     156.
    1396.,    1249.,     579.,     156.
    1397.,    1065.,    1250.,     157.
    1398.,    1250.,    1251.,     157.
    1399.,    1251.,    1252.,     157.
    1400.,    1252.,      59.,     157.
    1401.,    1061.,    1253.,     158.
    1402.,    1253.,    1254.,     158.
    1403.,    1254.,    1255.,     158.
    1404.,    1255.,     574.,     158.
    1405.,    1057.,    1256.,     160.
    1406.,    1256.,    1257.,     160.
    1407.,    1257.,    1258.,     160.
    1408.,    1258.,      50.,     160.
    1409.,    1053.,    1259.,     161.
    1410.,    1259.,    1260.,     161.
    1411.,    1260.,    1261.,     161.
    1412.,    1261.,     569.,     161.
    1413.,    1049.,    1262.,     163.
    1414.,    1262.,    1263.,     163.
    1415.,    1263.,    1264.,     163.
    1416.,    1264.,      41.,     163.
    1417.,    1045.,    1265.,     164.
    1418.,    1265.,    1266.,     164.
    1419.,    1266.,    1267.,     164.
    1420.,    1267.,     584.,     164.
    1421.,     911.,    1268.,     171.
    1422.,    1268.,    1269.,     171.
    1423.,    1269.,    1270.,     171.
    1424.,    1270.,    1271.,     171.
    1425.,    1271.,     550.,     171.
    1426.,     916.,    1272.,     172.
    1427.,    1272.,    1273.,     172.
    1428.,    1273.,    1274.,     172.
    1429.,    1274.,    1275.,     172.
    1430.,    1275.,      21.,     172.
    1431.,     921.,    1276.,     173.
    1432.,    1276.,    1277.,     173.
    1433.,    1277.,    1278.,     173.
    1434.,    1278.,    1279.,     173.
    1435.,    1279.,     557.,     173.
    1436.,     926.,    1280.,     174.
    1437.,    1280.,    1281.,     174.
    1438.,    1281.,    1282.,     174.
    1439.,    1282.,    1283.,     174.
    1440.,    1283.,      31.,     174.
    1441.,     931.,    1284.,     175.
    1442.,    1284.,    1285.,     175.
    1443.,    1285.,    1286.,     175.
    1444.,    1286.,    1287.,     175.
    1445.,    1287.,     564.,     175.
    1446.,     936.,    1288.,     176.
    1447.,    1288.,    1289.,     176.
    1448.,    1289.,    1290.,     176.
    1449.,    1290.,    1291.,     176.
    1450.,    1291.,       1.,     176.
    1451.,     901.,    1292.,     177.
    1452.,    1292.,    1293.,     177.
    1453.,    1293.,    1294.,     177.
    1454.,    1294.,    1295.,     177.
    1455.,    1295.,     543.,     177.
    1456.,     906.,    1296.,     178.
    1457.,    1296.,    1297.,     178.
    1458.,    1297.,    1298.,     178.
    1459.,    1298.,    1299.,     178.
    1460.,    1299.,      11.,     178.
    1461.,     976.,    1300.,     183.
    1462.,    1300.,    1301.,     183.
    1463.,    1301.,     550.,     183.
    1464.,     979.,    1302.,     184.
    1465.,    1302.,    1303.,     184.
    1466.,    1303.,     557.,     184.
    1467.,     982.,    1304.,     185.
    1468.,    1304.,    1305.,     185.
    1469.,    1305.,     564.,     185.
    1470.,     973.,    1306.,     186.
    1471.,    1306.,    1307.,     186.
    1472.,    1307.,     543.,     186.
    1473.,    1220.,    1308.,     195.
    1474.,    1308.,     600.,     195.
    1475.,    1218.,    1309.,     196.
    1476.,    1309.,     588.,     196.
    1477.,    1213.,    1310.,     197.
    1478.,    1310.,     592.,     197.
    1479.,    1215.,    1311.,     198.
    1480.,    1311.,     596.,     198.
    1481.,    1213.,    1313.,     199.
    1482.,    1313.,    1312.,     199.
    1483.,    1312.,    1314.,     200.
    1484.,    1314.,    1220.,     200.
    1485.,    1220.,    1315.,     201.
    1486.,    1315.,     204.,     201.
    1487.,    1215.,    1316.,     202.
    1488.,    1316.,    1312.,     202.
    1489.,    1312.,    1317.,     203.
    1490.,    1317.,    1218.,     203.
    1491.,    1218.,    1318.,     204.
    1492.,    1318.,     180.,     204.
    1493.,     196.,    1320.,     217.
    1494.,    1320.,    1321.,     217.
    1495.,    1321.,    1319.,     217.
    1496.,     212.,    1323.,     218.
    1497.,    1323.,    1324.,     218.
    1498.,    1324.,    1322.,     218.
    1499.,     180.,    1326.,     219.
    1500.,    1326.,    1327.,     219.
    1501.,    1327.,    1325.,     219.
    1502.,     228.,    1329.,     220.
    1503.,    1329.,    1330.,     220.
    1504.,    1330.,    1328.,     220.
    1505.,     236.,    1331.,     221.
    1506.,    1331.,    1332.,     221.
    1507.,    1332.,    1319.,     221.
    1508.,     204.,    1333.,     222.
    1509.,    1333.,    1334.,     222.
    1510.,    1334.,    1322.,     222.
    1511.,     220.,    1335.,     223.
    1512.,    1335.,    1336.,     223.
    1513.,    1336.,    1325.,     223.
    1514.,     188.,    1337.,     224.
    1515.,    1337.,    1338.,     224.
    1516.,    1338.,    1328.,     224.
    1517.,     220.,    1340.,     225.
    1518.,    1340.,    1341.,     225.
    1519.,    1341.,    1339.,     225.
    1520.,     268.,    1343.,     226.
    1521.,    1343.,    1344.,     226.
    1522.,    1344.,    1342.,     226.
    1523.,     236.,    1346.,     227.
    1524.,    1346.,    1347.,     227.
    1525.,    1347.,    1345.,     227.
    1526.,     252.,    1349.,     228.
    1527.,    1349.,    1350.,     228.
    1528.,    1350.,    1348.,     228.
    1529.,     260.,    1351.,     229.
    1530.,    1351.,    1352.,     229.
    1531.,    1352.,    1339.,     229.
    1532.,     228.,    1353.,     230.
    1533.,    1353.,    1354.,     230.
    1534.,    1354.,    1342.,     230.
    1535.,     244.,    1355.,     231.
    1536.,    1355.,    1356.,     231.
    1537.,    1356.,    1345.,     231.
    1538.,     212.,    1357.,     232.
    1539.,    1357.,    1358.,     232.
    1540.,    1358.,    1348.,     232.
    1541.,     252.,    1359.,     233.
    1542.,    1359.,    1360.,     233.
    1543.,    1360.,     658.,     233.
    1544.,     292.,    1361.,     234.
    1545.,    1361.,    1362.,     234.
    1546.,    1362.,     655.,     234.
    1547.,     268.,    1363.,     235.
    1548.,    1363.,    1364.,     235.
    1549.,    1364.,     663.,     235.
    1550.,     296.,    1365.,     236.
    1551.,    1365.,    1366.,     236.
    1552.,    1366.,     668.,     236.
    1553.,     300.,    1367.,     237.
    1554.,    1367.,    1368.,     237.
    1555.,    1368.,     658.,     237.
    1556.,     260.,    1369.,     238.
    1557.,    1369.,    1370.,     238.
    1558.,    1370.,     655.,     238.
    1559.,     288.,    1371.,     239.
    1560.,    1371.,    1372.,     239.
    1561.,    1372.,     663.,     239.
    1562.,     244.,    1373.,     240.
    1563.,    1373.,    1374.,     240.
    1564.,    1374.,     668.,     240.
    1565.,    1319.,    1375.,     241.
    1566.,    1375.,    1376.,     241.
    1567.,    1376.,     212.,     241.
    1568.,    1319.,    1377.,     242.
    1569.,    1377.,    1378.,     242.
    1570.,    1378.,     204.,     242.
    1571.,    1322.,    1379.,     243.
    1572.,    1379.,    1380.,     243.
    1573.,    1380.,     220.,     243.
    1574.,    1322.,    1381.,     244.
    1575.,    1381.,    1382.,     244.
    1576.,    1382.,     180.,     244.
    1577.,    1325.,    1383.,     245.
    1578.,    1383.,    1384.,     245.
    1579.,    1384.,     228.,     245.
    1580.,    1325.,    1385.,     246.
    1581.,    1385.,    1386.,     246.
    1582.,    1386.,     188.,     246.
    1583.,    1328.,    1387.,     247.
    1584.,    1387.,    1388.,     247.
    1585.,    1388.,     196.,     247.
    1586.,    1328.,    1389.,     248.
    1587.,    1389.,    1390.,     248.
    1588.,    1390.,     236.,     248.
    1589.,    1345.,    1391.,     249.
    1590.,    1391.,    1392.,     249.
    1591.,    1392.,     252.,     249.
    1592.,    1345.,    1393.,     250.
    1593.,    1393.,    1394.,     250.
    1594.,    1394.,     212.,     250.
    1595.,    1348.,    1395.,     251.
    1596.,    1395.,    1396.,     251.
    1597.,    1396.,     260.,     251.
    1598.,    1348.,    1397.,     252.
    1599.,    1397.,    1398.,     252.
    1600.,    1398.,     220.,     252.
    1601.,    1339.,    1399.,     253.
    1602.,    1399.,    1400.,     253.
    1603.,    1400.,     228.,     253.
    1604.,    1339.,    1401.,     254.
    1605.,    1401.,    1402.,     254.
    1606.,    1402.,     268.,     254.
    1607.,    1342.,    1403.,     255.
    1608.,    1403.,    1404.,     255.
    1609.,    1404.,     244.,     255.
    1610.,    1342.,    1405.,     256.
    1611.,    1405.,    1406.,     256.
    1612.,    1406.,     236.,     256.
    1613.,     658.,    1407.,     257.
    1614.,    1407.,    1408.,     257.
    1615.,    1408.,     292.,     257.
    1616.,     658.,    1409.,     258.
    1617.,    1409.,    1410.,     258.
    1618.,    1410.,     260.,     258.
    1619.,     655.,    1411.,     259.
    1620.,    1411.,    1412.,     259.
    1621.,    1412.,     288.,     259.
    1622.,     655.,    1413.,     260.
    1623.,    1413.,    1414.,     260.
    1624.,    1414.,     268.,     260.
    1625.,     663.,    1415.,     261.
    1626.,    1415.,    1416.,     261.
    1627.,    1416.,     296.,     261.
    1628.,     663.,    1417.,     262.
    1629.,    1417.,    1418.,     262.
    1630.,    1418.,     244.,     262.
    1631.,     668.,    1419.,     263.
    1632.,    1419.,    1420.,     263.
    1633.,    1420.,     300.,     263.
    1634.,     668.,    1421.,     264.
    1635.,    1421.,    1422.,     264.
    1636.,    1422.,     252.,     264.
    1637.,     668.,    1424.,     265.
    1638.,    1424.,    1423.,     265.
    1639.,     658.,    1426.,     266.
    1640.,    1426.,    1425.,     266.
    1641.,     655.,    1428.,     267.
    1642.,    1428.,    1427.,     267.
    1643.,     663.,    1430.,     268.
    1644.,    1430.,    1429.,     268.
    1645.,    1427.,    1431.,     269.
    1646.,    1429.,    1432.,     270.
    1647.,    1423.,    1433.,     271.
    1648.,    1425.,    1434.,     272.
    1649.,    1427.,    1435.,     273.
    1650.,    1435.,     663.,     273.
    1651.,    1429.,    1436.,     274.
    1652.,    1436.,     668.,     274.
    1653.,    1423.,    1437.,     275.
    1654.,    1437.,     658.,     275.
    1655.,    1425.,    1438.,     276.
    1656.,    1438.,     655.,     276.
    1657.,     663.,    1431.,     277.
    1658.,     668.,    1432.,     278.
    1659.,    1433.,     658.,     279.
    1660.,    1439.,    1433.,     280.
    1661.,    1431.,    1439.,     281.
    1662.,    1432.,    1439.,     282.
    1663.,    1439.,    1434.,     283.
    1664.,    1434.,     655.,     284.
    1665.,    1433.,    1425.,     297.
    1666.,    1434.,    1427.,     298.
    1667.,    1431.,    1429.,     299.
    1668.,    1432.,    1423.,     300.
    1669.,     300.,    1441.,     309.
    1670.,    1441.,    1442.,     309.
    1671.,    1442.,    1440.,     309.
    1672.,     325.,    1444.,     310.
    1673.,    1444.,    1445.,     310.
    1674.,    1445.,    1443.,     310.
    1675.,     288.,    1447.,     311.
    1676.,    1447.,    1448.,     311.
    1677.,    1448.,    1446.,     311.
    1678.,     308.,    1450.,     312.
    1679.,    1450.,    1451.,     312.
    1680.,    1451.,    1449.,     312.
    1681.,     320.,    1452.,     313.
    1682.,    1452.,    1453.,     313.
    1683.,    1453.,    1440.,     313.
    1684.,     292.,    1454.,     314.
    1685.,    1454.,    1455.,     314.
    1686.,    1455.,    1443.,     314.
    1687.,     344.,    1456.,     315.
    1688.,    1456.,    1457.,     315.
    1689.,    1457.,    1446.,     315.
    1690.,     296.,    1458.,     316.
    1691.,    1458.,    1459.,     316.
    1692.,    1459.,    1449.,     316.
    1693.,     320.,    1460.,     317.
    1694.,    1460.,    1461.,     317.
    1695.,    1461.,     675.,     317.
    1696.,     356.,    1462.,     318.
    1697.,    1462.,     680.,     318.
    1698.,     344.,    1463.,     319.
    1699.,    1463.,    1464.,     319.
    1700.,    1464.,     685.,     319.
    1701.,     364.,    1465.,     320.
    1702.,    1465.,     690.,     320.
    1703.,     352.,    1466.,     321.
    1704.,    1466.,     675.,     321.
    1705.,     325.,    1467.,     322.
    1706.,    1467.,    1468.,     322.
    1707.,    1468.,     680.,     322.
    1708.,     360.,    1469.,     323.
    1709.,    1469.,     685.,     323.
    1710.,     308.,    1470.,     324.
    1711.,    1470.,    1471.,     324.
    1712.,    1471.,     690.,     324.
    1713.,    1446.,    1472.,     325.
    1714.,    1472.,    1473.,     325.
    1715.,    1473.,     308.,     325.
    1716.,    1446.,    1474.,     326.
    1717.,    1474.,    1475.,     326.
    1718.,    1475.,     296.,     326.
    1719.,    1449.,    1476.,     327.
    1720.,    1476.,    1477.,     327.
    1721.,    1477.,     320.,     327.
    1722.,    1449.,    1478.,     328.
    1723.,    1478.,    1479.,     328.
    1724.,    1479.,     300.,     328.
    1725.,    1440.,    1480.,     329.
    1726.,    1480.,    1481.,     329.
    1727.,    1481.,     325.,     329.
    1728.,    1440.,    1482.,     330.
    1729.,    1482.,    1483.,     330.
    1730.,    1483.,     292.,     330.
    1731.,    1443.,    1484.,     331.
    1732.,    1484.,    1485.,     331.
    1733.,    1485.,     344.,     331.
    1734.,    1443.,    1486.,     332.
    1735.,    1486.,    1487.,     332.
    1736.,    1487.,     288.,     332.
    1737.,     685.,    1488.,     333.
    1738.,    1488.,     364.,     333.
    1739.,     685.,    1489.,     334.
    1740.,    1489.,    1490.,     334.
    1741.,    1490.,     308.,     334.
    1742.,     690.,    1491.,     335.
    1743.,    1491.,     352.,     335.
    1744.,     690.,    1492.,     336.
    1745.,    1492.,    1493.,     336.
    1746.,    1493.,     320.,     336.
    1747.,     675.,    1494.,     337.
    1748.,    1494.,     356.,     337.
    1749.,     675.,    1495.,     338.
    1750.,    1495.,    1496.,     338.
    1751.,    1496.,     325.,     338.
    1752.,     680.,    1497.,     339.
    1753.,    1497.,     360.,     339.
    1754.,     680.,    1498.,     340.
    1755.,    1498.,    1499.,     340.
    1756.,    1499.,     344.,     340.
    1757.,     364.,    1501.,     361.
    1758.,    1501.,    1500.,     361.
    1759.,     382.,    1503.,     362.
    1760.,    1503.,    1502.,     362.
    1761.,     356.,    1505.,     363.
    1762.,    1505.,    1504.,     363.
    1763.,     404.,    1507.,     364.
    1764.,    1507.,    1506.,     364.
    1765.,     360.,    1508.,     365.
    1766.,    1508.,    1506.,     365.
    1767.,     371.,    1509.,     366.
    1768.,    1509.,    1500.,     366.
    1769.,     352.,    1510.,     367.
    1770.,    1510.,    1502.,     367.
    1771.,     387.,    1511.,     368.
    1772.,    1511.,    1504.,     368.
    1773.,     371.,    1512.,     369.
    1774.,    1512.,     694.,     369.
    1775.,     414.,    1513.,     370.
    1776.,    1513.,     697.,     370.
    1777.,     387.,    1514.,     371.
    1778.,    1514.,     700.,     371.
    1779.,     420.,    1515.,     372.
    1780.,    1515.,     703.,     372.
    1781.,     404.,    1516.,     373.
    1782.,    1516.,     703.,     373.
    1783.,     411.,    1517.,     374.
    1784.,    1517.,     694.,     374.
    1785.,     382.,    1518.,     375.
    1786.,    1518.,     697.,     375.
    1787.,     417.,    1519.,     376.
    1788.,    1519.,     700.,     376.
    1789.,    1500.,    1520.,     377.
    1790.,    1520.,     382.,     377.
    1791.,    1500.,    1521.,     378.
    1792.,    1521.,     352.,     378.
    1793.,    1502.,    1522.,     379.
    1794.,    1522.,     387.,     379.
    1795.,    1502.,    1523.,     380.
    1796.,    1523.,     356.,     380.
    1797.,    1504.,    1524.,     381.
    1798.,    1524.,     404.,     381.
    1799.,    1504.,    1525.,     382.
    1800.,    1525.,     360.,     382.
    1801.,    1506.,    1526.,     383.
    1802.,    1526.,     371.,     383.
    1803.,    1506.,    1527.,     384.
    1804.,    1527.,     364.,     384.
    1805.,     694.,    1528.,     385.
    1806.,    1528.,     414.,     385.
    1807.,     694.,    1529.,     386.
    1808.,    1529.,     382.,     386.
    1809.,     697.,    1530.,     387.
    1810.,    1530.,     417.,     387.
    1811.,     697.,    1531.,     388.
    1812.,    1531.,     387.,     388.
    1813.,     700.,    1532.,     389.
    1814.,    1532.,     420.,     389.
    1815.,     700.,    1533.,     390.
    1816.,    1533.,     404.,     390.
    1817.,     703.,    1534.,     391.
    1818.,    1534.,     411.,     391.
    1819.,     703.,    1535.,     392.
    1820.,    1535.,     371.,     392.
    1821.,     411.,    1537.,     413.
    1822.,    1537.,    1536.,     413.
    1823.,     436.,    1539.,     414.
    1824.,    1539.,    1538.,     414.
    1825.,     417.,    1541.,     415.
    1826.,    1541.,    1540.,     415.
    1827.,     431.,    1543.,     416.
    1828.,    1543.,    1542.,     416.
    1829.,     426.,    1544.,     417.
    1830.,    1544.,    1536.,     417.
    1831.,     414.,    1545.,     418.
    1832.,    1545.,    1538.,     418.
    1833.,     421.,    1546.,     419.
    1834.,    1546.,    1540.,     419.
    1835.,     420.,    1547.,     420.
    1836.,    1547.,    1542.,     420.
    1837.,     436.,    1548.,     421.
    1838.,    1548.,     709.,     421.
    1839.,     709.,    1549.,     422.
    1840.,    1549.,     421.,     422.
    1841.,     421.,    1550.,     423.
    1842.,    1550.,     712.,     423.
    1843.,     712.,    1551.,     424.
    1844.,    1551.,     431.,     424.
    1845.,     431.,    1552.,     425.
    1846.,    1552.,     715.,     425.
    1847.,     715.,    1553.,     426.
    1848.,    1553.,     426.,     426.
    1849.,     426.,    1554.,     427.
    1850.,    1554.,     706.,     427.
    1851.,     706.,    1555.,     428.
    1852.,    1555.,     436.,     428.
    1853.,    1542.,    1556.,     429.
    1854.,    1556.,     426.,     429.
    1855.,    1542.,    1557.,     430.
    1856.,    1557.,     411.,     430.
    1857.,    1536.,    1558.,     431.
    1858.,    1558.,     436.,     431.
    1859.,    1536.,    1559.,     432.
    1860.,    1559.,     414.,     432.
    1861.,    1538.,    1560.,     433.
    1862.,    1560.,     421.,     433.
    1863.,    1538.,    1561.,     434.
    1864.,    1561.,     417.,     434.
    1865.,    1540.,    1562.,     435.
    1866.,    1562.,     431.,     435.
    1867.,    1540.,    1563.,     436.
    1868.,    1563.,     420.,     436.
    1869.,     435.,    1565.,     465.
    1870.,    1565.,    1564.,     465.
    1871.,     464.,    1567.,     466.
    1872.,    1567.,    1566.,     466.
    1873.,     440.,    1569.,     467.
    1874.,    1569.,    1568.,     467.
    1875.,     472.,    1571.,     468.
    1876.,    1571.,    1570.,     468.
    1877.,     425.,    1572.,     469.
    1878.,    1572.,    1570.,     469.
    1879.,     476.,    1573.,     470.
    1880.,    1573.,    1564.,     470.
    1881.,     430.,    1574.,     471.
    1882.,    1574.,    1566.,     471.
    1883.,     468.,    1575.,     472.
    1884.,    1575.,    1568.,     472.
    1885.,     468.,    1577.,     473.
    1886.,    1577.,    1576.,     473.
    1887.,     488.,    1579.,     474.
    1888.,    1579.,    1578.,     474.
    1889.,     476.,    1581.,     475.
    1890.,    1581.,    1580.,     475.
    1891.,     480.,    1583.,     476.
    1892.,    1583.,    1582.,     476.
    1893.,     484.,    1584.,     477.
    1894.,    1584.,    1576.,     477.
    1895.,     472.,    1585.,     478.
    1896.,    1585.,    1578.,     478.
    1897.,     492.,    1586.,     479.
    1898.,    1586.,    1580.,     479.
    1899.,     464.,    1587.,     480.
    1900.,    1587.,    1582.,     480.
    1901.,     480.,    1589.,     481.
    1902.,    1589.,    1588.,     481.
    1903.,     500.,    1591.,     482.
    1904.,    1591.,    1590.,     482.
    1905.,     488.,    1593.,     483.
    1906.,    1593.,    1592.,     483.
    1907.,     504.,    1595.,     484.
    1908.,    1595.,    1594.,     484.
    1909.,     492.,    1596.,     485.
    1910.,    1596.,    1594.,     485.
    1911.,     493.,    1597.,     486.
    1912.,    1597.,    1588.,     486.
    1913.,     484.,    1598.,     487.
    1914.,    1598.,    1590.,     487.
    1915.,     508.,    1599.,     488.
    1916.,    1599.,    1592.,     488.
    1917.,     500.,    1601.,     489.
    1918.,    1601.,    1600.,     489.
    1919.,     509.,    1603.,     490.
    1920.,    1603.,    1602.,     490.
    1921.,     504.,    1605.,     491.
    1922.,    1605.,    1604.,     491.
    1923.,     520.,    1607.,     492.
    1924.,    1607.,    1606.,     492.
    1925.,     524.,    1608.,     493.
    1926.,    1608.,    1600.,     493.
    1927.,     508.,    1609.,     494.
    1928.,    1609.,    1602.,     494.
    1929.,     516.,    1610.,     495.
    1930.,    1610.,    1604.,     495.
    1931.,     493.,    1611.,     496.
    1932.,    1611.,    1606.,     496.
    1933.,     524.,    1612.,     497.
    1934.,     530.,    1613.,     498.
    1935.,     516.,    1614.,     499.
    1936.,     536.,    1615.,     500.
    1937.,     520.,    1615.,     501.
    1938.,     525.,    1612.,     502.
    1939.,     509.,    1613.,     503.
    1940.,     533.,    1614.,     504.
    1941.,    1568.,    1616.,     509.
    1942.,    1616.,     472.,     509.
    1943.,    1568.,    1617.,     510.
    1944.,    1617.,     425.,     510.
    1945.,    1570.,    1618.,     511.
    1946.,    1618.,     476.,     511.
    1947.,    1570.,    1619.,     512.
    1948.,    1619.,     435.,     512.
    1949.,    1564.,    1620.,     513.
    1950.,    1620.,     464.,     513.
    1951.,    1564.,    1621.,     514.
    1952.,    1621.,     430.,     514.
    1953.,    1566.,    1622.,     515.
    1954.,    1622.,     440.,     515.
    1955.,    1566.,    1623.,     516.
    1956.,    1623.,     468.,     516.
    1957.,    1582.,    1624.,     521.
    1958.,    1624.,     484.,     521.
    1959.,    1582.,    1625.,     522.
    1960.,    1625.,     468.,     522.
    1961.,    1576.,    1626.,     523.
    1962.,    1626.,     488.,     523.
    1963.,    1576.,    1627.,     524.
    1964.,    1627.,     472.,     524.
    1965.,    1578.,    1628.,     525.
    1966.,    1628.,     492.,     525.
    1967.,    1578.,    1629.,     526.
    1968.,    1629.,     476.,     526.
    1969.,    1580.,    1630.,     527.
    1970.,    1630.,     480.,     527.
    1971.,    1580.,    1631.,     528.
    1972.,    1631.,     464.,     528.
    1973.,    1588.,    1632.,     529.
    1974.,    1632.,     500.,     529.
    1975.,    1588.,    1633.,     530.
    1976.,    1633.,     484.,     530.
    1977.,    1590.,    1634.,     531.
    1978.,    1634.,     508.,     531.
    1979.,    1590.,    1635.,     532.
    1980.,    1635.,     488.,     532.
    1981.,    1592.,    1636.,     533.
    1982.,    1636.,     504.,     533.
    1983.,    1592.,    1637.,     534.
    1984.,    1637.,     492.,     534.
    1985.,    1594.,    1638.,     535.
    1986.,    1638.,     493.,     535.
    1987.,    1594.,    1639.,     536.
    1988.,    1639.,     480.,     536.
    1989.,    1604.,    1640.,     541.
    1990.,    1640.,     520.,     541.
    1991.,    1604.,    1641.,     542.
    1992.,    1641.,     493.,     542.
    1993.,    1606.,    1642.,     543.
    1994.,    1642.,     524.,     543.
    1995.,    1606.,    1643.,     544.
    1996.,    1643.,     500.,     544.
    1997.,    1600.,    1644.,     545.
    1998.,    1644.,     509.,     545.
    1999.,    1600.,    1645.,     546.
    2000.,    1645.,     508.,     546.
    2001.,    1602.,    1646.,     547.
    2002.,    1646.,     516.,     547.
    2003.,    1602.,    1647.,     548.
    2004.,    1647.,     504.,     548.
    2005.,    1614.,     536.,     553.
    2006.,    1614.,     520.,     554.
    2007.,    1615.,     525.,     555.
    2008.,    1615.,     524.,     556.
    2009.,    1612.,     530.,     557.
    2010.,    1612.,     509.,     558.
    2011.,    1613.,     533.,     559.
    2012.,    1613.,     516.,     560.
    2013.,    1425.,    1648.,     561.
    2014.,    1648.,     280.,     561.
    2015.,    1423.,    1649.,     562.
    2016.,    1649.,     276.,     562.
    2017.,    1429.,    1650.,     563.
    2018.,    1650.,     272.,     563.
    2019.,    1427.,    1651.,     564.
    2020.,    1651.,     284.,     564.
    2021.,    1652.,     755.,     565.
    2022.,    1652.,     757.,     566.
    2023.,     756.,     758.,     572.
    2024.,     765.,    1653.,     574.
    2025.,     763.,    1654.,     575.
    2026.,    1654.,     868.,     575.
    2027.,     763.,    1655.,     576.
    2028.,    1655.,     765.,     576.
    2029.,     768.,    1656.,     577.
    2030.,    1656.,     868.,     577.
    2031.,     751.,    1657.,     580.
    2032.,    1657.,     754.,     580.
    2033.,     767.,    1658.,     581.
    2034.,    1658.,     770.,     581.
    2035.,     860.,     767.,     582.
    2036.,     770.,     866.,     583.
    2037.,     772.,     777.,     584.
    2038.,     862.,     772.,     585.
    2039.,     777.,     864.,     586.
    2040.,     468.,    1660.,     593.
    2041.,    1660.,    1659.,     593.
    2042.,     754.,    1661.,     594.
    2043.,    1661.,    1653.,     594.
    2044.,    1653.,    1662.,     595.
    2045.,    1662.,     751.,     595.
    2046.,     751.,    1659.,     596.
    2047.,    1659.,     754.,     597.
    2048.,    1659.,    1663.,     598.
    2049.,    1663.,     472.,     598.
    2050.,    1653.,     768.,     599.
    2051.,     765.,    1664.,     600.
    2052.,     767.,    1664.,     601.
    2053.,    1664.,     770.,     602.
    2054.,    1664.,     768.,     603.
    2055.,     770.,    1665.,     604.
    2056.,     767.,    1665.,     605.
    2057.,    1665.,     777.,     606.
    2058.,    1665.,     772.,     607.
    2059.,     773.,     778.,     608.
    2060.,     772.,    1666.,     611.
    2061.,     773.,    1666.,     612.
    2062.,    1666.,     778.,     613.
    2063.,    1666.,     777.,     614.
    2064.,     773.,    1652.,     615.
    2065.,    1652.,     778.,     616.
    2066.,     468.,    1668.,     617.
    2067.,    1668.,    1667.,     617.
    2068.,     765.,    1669.,     618.
    2069.,    1669.,     860.,     618.
    2070.,     860.,    1670.,     619.
    2071.,    1670.,     772.,     619.
    2072.,     764.,     778.,     620.
    2073.,     863.,     773.,     621.
    2074.,     862.,     773.,     622.
    2075.,     863.,     755.,     623.
    2076.,     765.,    1671.,     624.
    2077.,    1671.,    1667.,     624.
    2078.,    1667.,     751.,     625.
    2079.,     472.,    1673.,     626.
    2080.,    1673.,    1672.,     626.
    2081.,     768.,    1674.,     627.
    2082.,    1674.,     866.,     627.
    2083.,     866.,    1675.,     628.
    2084.,    1675.,     777.,     628.
    2085.,     864.,     778.,     629.
    2086.,     764.,     757.,     630.
    2087.,     868.,    1676.,     631.
    2088.,     763.,    1676.,     632.
    2089.,     866.,    1677.,     633.
    2090.,     860.,    1677.,     634.
    2091.,     864.,    1678.,     635.
    2092.,     862.,    1678.,     636.
    2093.,    1676.,     866.,     637.
    2094.,    1676.,     860.,     638.
    2095.,    1677.,     864.,     639.
    2096.,    1677.,     862.,     640.
    2097.,    1678.,     758.,     641.
    2098.,    1678.,     756.,     642.
    2099.,     768.,    1679.,     643.
    2100.,    1679.,    1672.,     643.
    2101.,    1672.,     754.,     644.
    2102.,    1672.,    1680.,     645.
    2103.,    1680.,     868.,     645.
    2104.,    1667.,    1681.,     646.
    2105.,    1681.,     763.,     646.
    2106.,    1682.,     792.,     647.
    2107.,    1682.,     804.,     648.
    2108.,     805.,     806.,     664.
    2109.,     786.,    1683.,     666.
    2110.,    1683.,     798.,     667.
    2111.,     811.,    1684.,     668.
    2112.,    1684.,     882.,     668.
    2113.,     811.,    1685.,     669.
    2114.,    1685.,     786.,     669.
    2115.,     798.,    1686.,     670.
    2116.,    1686.,     882.,     670.
    2117.,     783.,    1687.,     671.
    2118.,    1687.,     795.,     671.
    2119.,     788.,    1688.,     672.
    2120.,    1688.,     800.,     672.
    2121.,     874.,     788.,     673.
    2122.,     800.,     880.,     674.
    2123.,     790.,     802.,     675.
    2124.,     876.,     790.,     676.
    2125.,     802.,     878.,     677.
    2126.,     476.,    1690.,     678.
    2127.,    1690.,    1689.,     678.
    2128.,    1689.,     795.,     679.
    2129.,     795.,    1691.,     680.
    2130.,    1691.,    1683.,     680.
    2131.,    1683.,    1692.,     681.
    2132.,    1692.,     783.,     681.
    2133.,     783.,    1689.,     682.
    2134.,    1689.,    1693.,     683.
    2135.,    1693.,     464.,     683.
    2136.,     786.,    1694.,     684.
    2137.,    1694.,     800.,     685.
    2138.,     788.,    1694.,     686.
    2139.,    1694.,     798.,     687.
    2140.,     800.,    1695.,     688.
    2141.,    1695.,     790.,     689.
    2142.,     788.,    1695.,     690.
    2143.,    1695.,     802.,     691.
    2144.,     791.,     803.,     692.
    2145.,     790.,    1696.,     693.
    2146.,    1696.,     803.,     694.
    2147.,     791.,    1696.,     695.
    2148.,    1696.,     802.,     696.
    2149.,     791.,    1682.,     697.
    2150.,    1682.,     803.,     698.
    2151.,     476.,    1698.,     699.
    2152.,    1698.,    1697.,     699.
    2153.,    1697.,    1699.,     700.
    2154.,    1699.,     811.,     700.
    2155.,     786.,    1700.,     701.
    2156.,    1700.,     874.,     701.
    2157.,     874.,    1701.,     702.
    2158.,    1701.,     790.,     702.
    2159.,     812.,     803.,     703.
    2160.,     877.,     791.,     704.
    2161.,     876.,     791.,     705.
    2162.,     877.,     792.,     706.
    2163.,     786.,    1702.,     707.
    2164.,    1702.,    1697.,     707.
    2165.,    1697.,     783.,     708.
    2166.,     464.,    1704.,     709.
    2167.,    1704.,    1703.,     709.
    2168.,    1703.,    1705.,     710.
    2169.,    1705.,     882.,     710.
    2170.,     798.,    1706.,     711.
    2171.,    1706.,     880.,     711.
    2172.,     880.,    1707.,     712.
    2173.,    1707.,     802.,     712.
    2174.,     878.,     803.,     713.
    2175.,     812.,     804.,     714.
    2176.,     882.,    1708.,     715.
    2177.,    1708.,     874.,     716.
    2178.,     811.,    1708.,     717.
    2179.,    1708.,     880.,     718.
    2180.,     880.,    1709.,     719.
    2181.,    1709.,     876.,     720.
    2182.,     874.,    1709.,     721.
    2183.,    1709.,     878.,     722.
    2184.,     878.,    1710.,     723.
    2185.,    1710.,     805.,     724.
    2186.,     876.,    1710.,     725.
    2187.,    1710.,     806.,     726.
    2188.,     798.,    1711.,     727.
    2189.,    1711.,    1703.,     727.
    2190.,    1703.,     795.,     728.
    2191.,    1712.,     813.,     729.
    2192.,    1712.,     815.,     730.
    2193.,     814.,     816.,     733.
    2194.,     825.,    1713.,     738.
    2195.,    1713.,     828.,     738.
    2196.,     818.,    1714.,     741.
    2197.,    1714.,     830.,     741.
    2198.,     827.,     833.,     742.
    2199.,     896.,    1715.,     747.
    2200.,    1715.,     822.,     747.
    2201.,     896.,     825.,     748.
    2202.,     828.,     822.,     749.
    2203.,     894.,     833.,     750.
    2204.,     824.,     827.,     751.
    2205.,     524.,    1716.,     752.
    2206.,     825.,     824.,     753.
    2207.,     824.,     813.,     754.
    2208.,     896.,    1717.,     755.
    2209.,     894.,    1718.,     756.
    2210.,     816.,    1718.,     757.
    2211.,     824.,    1717.,     758.
    2212.,    1717.,     894.,     759.
    2213.,    1717.,     822.,     760.
    2214.,    1718.,     824.,     761.
    2215.,    1718.,     814.,     762.
    2216.,    1716.,     825.,     763.
    2217.,    1716.,     818.,     764.
    2218.,    1716.,     896.,     765.
    2219.,     509.,    1719.,     766.
    2220.,     828.,     894.,     767.
    2221.,     894.,     815.,     768.
    2222.,     828.,    1719.,     769.
    2223.,    1719.,     830.,     770.
    2224.,    1719.,     822.,     771.
    2225.,     509.,    1720.,     772.
    2226.,     524.,    1720.,     773.
    2227.,     830.,    1721.,     774.
    2228.,     818.,    1721.,     775.
    2229.,     828.,    1722.,     776.
    2230.,     825.,    1722.,     777.
    2231.,    1720.,     818.,     778.
    2232.,    1720.,     830.,     779.
    2233.,    1721.,     828.,     780.
    2234.,    1721.,     825.,     781.
    2235.,    1722.,     833.,     782.
    2236.,    1722.,     827.,     783.
    2237.,     819.,     835.,     784.
    2238.,     833.,    1723.,     787.
    2239.,     819.,    1723.,     788.
    2240.,    1724.,     835.,     789.
    2241.,    1725.,     827.,     790.
    2242.,     819.,    1712.,     791.
    2243.,    1712.,     835.,     792.
    2244.,    1726.,     836.,     793.
    2245.,    1726.,     838.,     794.
    2246.,     837.,     839.,     797.
    2247.,     843.,    1727.,     810.
    2248.,    1727.,     850.,     810.
    2249.,     841.,    1728.,     811.
    2250.,    1728.,     852.,     811.
    2251.,     845.,     848.,     812.
    2252.,     887.,    1729.,     813.
    2253.,    1729.,     856.,     813.
    2254.,     887.,     843.,     814.
    2255.,     850.,     856.,     815.
    2256.,     892.,     848.,     816.
    2257.,     858.,     845.,     817.
    2258.,     516.,    1730.,     818.
    2259.,    1730.,    1731.,     819.
    2260.,     843.,     858.,     820.
    2261.,     858.,     836.,     821.
    2262.,     887.,    1732.,     822.
    2263.,    1732.,     892.,     823.
    2264.,     892.,    1733.,     824.
    2265.,    1733.,     837.,     825.
    2266.,     839.,    1733.,     826.
    2267.,    1733.,     858.,     827.
    2268.,     858.,    1732.,     828.
    2269.,    1732.,     856.,     829.
    2270.,    1730.,     843.,     830.
    2271.,    1730.,     841.,     831.
    2272.,     520.,    1734.,     832.
    2273.,     850.,     892.,     833.
    2274.,     892.,     838.,     834.
    2275.,     850.,    1734.,     835.
    2276.,    1734.,     852.,     836.
    2277.,     520.,    1735.,     837.
    2278.,    1735.,     841.,     838.
    2279.,     516.,    1735.,     839.
    2280.,    1735.,     852.,     840.
    2281.,     852.,    1736.,     841.
    2282.,    1736.,     843.,     842.
    2283.,     841.,    1736.,     843.
    2284.,    1736.,     850.,     844.
    2285.,     850.,    1737.,     845.
    2286.,    1737.,     845.,     846.
    2287.,     843.,    1737.,     847.
    2288.,    1737.,     848.,     848.
    2289.,     847.,     846.,     849.
    2290.,     848.,    1738.,     850.
    2291.,    1739.,     846.,     851.
    2292.,     847.,    1738.,     852.
    2293.,    1740.,     845.,     853.
    2294.,     847.,    1726.,     854.
    2295.,    1726.,     846.,     855.
    2296.,    1730.,     887.,     856.
    2297.,    1734.,     856.,     857.
    2298.,    1741.,    1743.,     858.
    2299.,    1743.,    1742.,     858.
    2300.,    1744.,    1746.,     859.
    2301.,    1746.,    1745.,     859.
    2302.,    1741.,    1744.,     860.
    2303.,     856.,    1747.,     861.
    2304.,    1747.,    1744.,     861.
    2305.,     887.,    1748.,     862.
    2306.,    1748.,    1741.,     862.
    2307.,    1742.,    1749.,     863.
    2308.,    1745.,    1750.,     864.
    2309.,    1749.,    1750.,     865.
    2310.,    1751.,    1753.,     866.
    2311.,    1753.,    1752.,     866.
    2312.,    1754.,    1756.,     867.
    2313.,    1756.,    1755.,     867.
    2314.,     533.,    1757.,     868.
    2315.,    1757.,    1751.,     868.
    2316.,    1755.,    1758.,     869.
    2317.,    1758.,     536.,     869.
    2318.,    1752.,    1754.,     870.
    2319.,    1752.,    1742.,     871.
    2320.,    1754.,    1745.,     872.
    2321.,    1752.,    1759.,     873.
    2322.,    1759.,    1749.,     873.
    2323.,    1754.,    1760.,     874.
    2324.,    1760.,    1750.,     874.
    2325.,    1741.,    1752.,     875.
    2326.,    1744.,    1754.,     876.
    2327.,    1755.,     856.,     877.
    2328.,     887.,    1751.,     878.
    2329.,    1741.,    1761.,     879.
    2330.,    1761.,    1751.,     879.
    2331.,    1744.,    1762.,     880.
    2332.,    1762.,    1755.,     880.
    2333.,    1755.,    1764.,     881.
    2334.,    1764.,    1763.,     881.
    2335.,    1752.,    1765.,     882.
    2336.,    1749.,    1765.,     883.
    2337.,    1754.,    1763.,     884.
    2338.,     887.,    1767.,     885.
    2339.,    1767.,    1766.,     885.
    2340.,    1744.,    1768.,     886.
    2341.,    1742.,    1745.,     887.
    2342.,    1745.,    1768.,     888.
    2343.,    1741.,    1766.,     889.
    2344.,    1765.,    1750.,     890.
    2345.,    1765.,    1754.,     891.
    2346.,    1763.,    1769.,     892.
    2347.,    1769.,    1751.,     892.
    2348.,    1763.,    1752.,     893.
    2349.,    1766.,    1744.,     894.
    2350.,    1766.,    1770.,     895.
    2351.,    1770.,     856.,     895.
    2352.,    1768.,    1742.,     896.
    2353.,    1768.,    1741.,     897.
    2354.,    1771.,    1773.,     898.
    2355.,    1773.,    1772.,     898.
    2356.,    1774.,    1776.,     899.
    2357.,    1776.,    1775.,     899.
    2358.,    1771.,    1774.,     900.
    2359.,     822.,    1777.,     901.
    2360.,    1777.,    1774.,     901.
    2361.,     896.,    1778.,     902.
    2362.,    1778.,    1771.,     902.
    2363.,    1772.,    1779.,     903.
    2364.,    1775.,    1780.,     904.
    2365.,    1779.,    1780.,     905.
    2366.,    1781.,    1783.,     906.
    2367.,    1783.,    1782.,     906.
    2368.,    1784.,    1786.,     907.
    2369.,    1786.,    1785.,     907.
    2370.,     525.,    1787.,     908.
    2371.,    1787.,    1781.,     908.
    2372.,    1785.,    1788.,     909.
    2373.,    1788.,     530.,     909.
    2374.,    1782.,    1784.,     910.
    2375.,    1782.,    1772.,     911.
    2376.,    1784.,    1775.,     912.
    2377.,    1782.,    1789.,     913.
    2378.,    1789.,    1779.,     913.
    2379.,    1784.,    1790.,     914.
    2380.,    1790.,    1780.,     914.
    2381.,    1771.,    1782.,     915.
    2382.,    1774.,    1784.,     916.
    2383.,    1785.,     822.,     917.
    2384.,     896.,    1781.,     918.
    2385.,    1771.,    1791.,     919.
    2386.,    1791.,    1781.,     919.
    2387.,    1774.,    1792.,     920.
    2388.,    1792.,    1785.,     920.
    2389.,    1785.,    1794.,     921.
    2390.,    1794.,    1793.,     921.
    2391.,    1793.,    1782.,     922.
    2392.,    1782.,    1795.,     923.
    2393.,    1795.,    1780.,     924.
    2394.,    1779.,    1795.,     925.
    2395.,    1795.,    1784.,     926.
    2396.,    1784.,    1793.,     927.
    2397.,    1793.,    1796.,     928.
    2398.,    1796.,    1781.,     928.
    2399.,     896.,    1798.,     929.
    2400.,    1798.,    1797.,     929.
    2401.,    1797.,    1774.,     930.
    2402.,    1774.,    1799.,     931.
    2403.,    1799.,    1772.,     932.
    2404.,    1772.,    1775.,     933.
    2405.,    1775.,    1799.,     934.
    2406.,    1799.,    1771.,     935.
    2407.,    1771.,    1797.,     936.
    2408.,    1797.,    1800.,     937.
    2409.,    1800.,     822.,     937.
